[
# Temperature
"temperature_2m_season_mean_C",
"temperature_2m_max_season_max_C", # true extreme heat
"temperature_2m_min_season_min_C", # frost risk

# Water balance
"precipitation_season_sum_mm",
"et0_fao_evapotranspiration_season_sum_mm",

# Atmospheric stress
"vapour_pressure_deficit_season_mean_kPa",
"vapour_pressure_deficit_season_max_kPa",

# Soil moisture (root zone)
"soil_moisture_rootzone_mean_m3m3",
"soil_moisture_rootzone_min_m3m3",

# Solar energy
"shortwave_radiation_season_sum_MJ_m2",

# Wind
"wind_gusts_10m_season_max_mps",

# Outputs
"projected_yield_t_ha",
"climate_risk_score"
]

[
# Temperature
"temperature_2m_season_mean_C",
"temperature_2m_max_season_max_C", # true extreme heat
"temperature_2m_min_season_min_C", # frost risk

# Water balance
"precipitation_season_sum_mm",
"et0_fao_evapotranspiration_season_sum_mm",

# Atmospheric stress
"vapour_pressure_deficit_season_mean_kPa",
"vapour_pressure_deficit_season_max_kPa",

# Soil moisture (root zone)
"soil_moisture_rootzone_mean_m3m3",
"soil_moisture_rootzone_min_m3m3",

# Solar energy
"shortwave_radiation_season_sum_MJ_m2",

# Wind
"wind_gusts_10m_season_max_mps",

# Outputs
"projected_yield_t_ha",
"climate_risk_score"
]

data = [
[18.5, 38.2, 4.1, 240.0, 920.0, 1.8, 3.6, 0.22, 0.14, 6900.0, 21.3],
[19.1, 40.5, 3.2, 210.0, 980.0, 2.2, 4.1, 0.19, 0.12, 7200.0, 24.7],
[17.8, 35.4, 5.0, 260.0, 880.0, 1.6, 3.2, 0.25, 0.16, 6700.0, 19.8],
[20.3, 42.1, 2.8, 190.0, 1020.0, 2.5, 4.8, 0.17, 0.1, 7500.0, 26.1],
[16.9, 33.7, 6.3, 280.0, 850.0, 1.4, 2.9, 0.27, 0.18, 6400.0, 18.5],
[21.4, 44.8, 1.9, 170.0, 1050.0, 2.9, 5.2, 0.15, 0.09, 7800.0, 27.4],
[18.0, 36.9, 4.8, 250.0, 910.0, 1.7, 3.4, 0.23, 0.15, 7000.0, 20.6],
[22.1, 46.3, 1.5, 160.0, 1100.0, 3.1, 5.8, 0.13, 0.08, 8000.0, 28.2],
[15.7, 31.2, 7.1, 300.0, 820.0, 1.2, 2.5, 0.29, 0.2, 6200.0, 17.3],
[19.6, 39.8, 3.7, 220.0, 960.0, 2.0, 3.9, 0.2, 0.13, 7300.0, 23.5],
[18.9, 37.5, 4.4, 245.0, 905.0, 1.9, 3.7, 0.21, 0.14, 6950.0, 22.0],
[20.8, 43.6, 2.4, 180.0, 1035.0, 2.7, 4.9, 0.16, 0.1, 7650.0, 26.8],
[17.2, 34.1, 5.8, 270.0, 870.0, 1.5, 3.0, 0.26, 0.17, 6550.0, 19.1],
[19.9, 41.0, 3.0, 205.0, 990.0, 2.3, 4.2, 0.18, 0.11, 7400.0, 25.0],
[16.4, 32.6, 6.7, 290.0, 835.0, 1.3, 2.7, 0.28, 0.19, 6300.0, 18.0],
[21.7, 45.2, 1.7, 165.0, 1080.0, 3.0, 5.5, 0.14, 0.09, 7900.0, 27.9],
[18.3, 36.2, 4.9, 255.0, 915.0, 1.8, 3.5, 0.22, 0.15, 7050.0, 21.0],
[22.4, 47.0, 1.3, 150.0, 1120.0, 3.3, 6.0, 0.12, 0.07, 8100.0, 28.6],
[15.9, 30.8, 7.4, 310.0, 810.0, 1.1, 2.3, 0.3, 0.21, 6150.0, 16.8],
[19.4, 38.9, 3.6, 225.0, 950.0, 2.1, 4.0, 0.19, 0.12, 7250.0, 23.9],
[18.7, 37.9, 4.2, 235.0, 930.0, 1.9, 3.8, 0.21, 0.14, 7100.0, 22.5],
[20.5, 42.7, 2.6, 195.0, 1010.0, 2.6, 4.6, 0.17, 0.11, 7550.0, 26.3],
[17.5, 35.0, 5.5, 265.0, 875.0, 1.6, 3.1, 0.24, 0.16, 6650.0, 19.6],
[19.8, 40.7, 3.1, 215.0, 975.0, 2.2, 4.3, 0.18, 0.12, 7350.0, 24.8],
[16.6, 33.1, 6.5, 285.0, 840.0, 1.4, 2.8, 0.27, 0.18, 6350.0, 18.3],
[21.2, 44.0, 2.0, 175.0, 1045.0, 2.8, 5.0, 0.15, 0.09, 7750.0, 27.1],
[18.1, 36.5, 4.7, 248.0, 918.0, 1.7, 3.3, 0.23, 0.15, 7020.0, 20.9],
[22.0, 46.5, 1.6, 155.0, 1095.0, 3.2, 5.7, 0.13, 0.08, 8050.0, 28.4],
[15.5, 31.5, 7.0, 305.0, 815.0, 1.2, 2.4, 0.29, 0.2, 6180.0, 17.1],
[19.3, 39.2, 3.8, 228.0, 955.0, 2.0, 3.9, 0.2, 0.13, 7280.0, 23.7],
[18.6, 38.0, 4.3, 238.0, 925.0, 1.8, 3.6, 0.22, 0.14, 7120.0, 22.2],
[20.7, 43.1, 2.5, 188.0, 1025.0, 2.7, 4.7, 0.16, 0.1, 7600.0, 26.6],
[17.1, 34.5, 5.9, 275.0, 860.0, 1.5, 3.0, 0.26, 0.17, 6500.0, 19.0],
[19.7, 40.2, 3.3, 212.0, 985.0, 2.3, 4.1, 0.18, 0.12, 7380.0, 24.6],
[16.8, 33.4, 6.2, 282.0, 845.0, 1.4, 2.9, 0.27, 0.18, 6380.0, 18.4],
[21.5, 45.0, 1.8, 168.0, 1070.0, 2.9, 5.3, 0.14, 0.09, 7880.0, 27.6],
[18.2, 36.8, 4.6, 252.0, 912.0, 1.8, 3.4, 0.23, 0.15, 6990.0, 21.2],
[22.3, 46.8, 1.4, 152.0, 1110.0, 3.3, 5.9, 0.12, 0.07, 8080.0, 28.5],
[15.8, 31.0, 7.3, 308.0, 805.0, 1.1, 2.2, 0.3, 0.21, 6120.0, 16.9],
[19.5, 39.5, 3.9, 223.0, 948.0, 2.1, 3.8, 0.19, 0.12, 7220.0, 23.6],
[18.4, 37.8, 4.5, 242.0, 915.0, 1.9, 3.7, 0.21, 0.14, 7050.0, 22.1],
[20.9, 43.9, 2.3, 182.0, 1040.0, 2.8, 5.0, 0.16, 0.1, 7700.0, 26.9],
[17.3, 34.8, 5.7, 268.0, 872.0, 1.6, 3.2, 0.25, 0.16, 6600.0, 19.4],
[19.2, 40.1, 3.4, 218.0, 970.0, 2.2, 4.0, 0.19, 0.12, 7320.0, 24.3],
[16.5, 32.9, 6.6, 288.0, 838.0, 1.3, 2.8, 0.28, 0.19, 6330.0, 18.2],
[21.6, 44.5, 1.9, 172.0, 1060.0, 2.9, 5.4, 0.15, 0.09, 7820.0, 27.3],
[18.0, 36.4, 4.8, 250.0, 908.0, 1.7, 3.3, 0.23, 0.15, 6980.0, 20.8],
[22.2, 46.9, 1.5, 158.0, 1105.0, 3.2, 5.8, 0.13, 0.08, 8040.0, 28.3],
[15.6, 31.7, 7.2, 302.0, 812.0, 1.2, 2.4, 0.29, 0.2, 6190.0, 17.0],
[19.0, 38.7, 3.6, 226.0, 952.0, 2.0, 3.9, 0.2, 0.13, 7260.0, 23.4],
[18.8, 38.4, 4.0, 236.0, 928.0, 1.9, 3.6, 0.21, 0.14, 7080.0, 22.4],
[20.6, 42.9, 2.7, 192.0, 1005.0, 2.6, 4.6, 0.17, 0.11, 7520.0, 26.2],
[17.6, 35.2, 5.4, 262.0, 878.0, 1.6, 3.1, 0.24, 0.16, 6680.0, 19.7],
[19.1, 39.9, 3.5, 214.0, 965.0, 2.1, 4.0, 0.19, 0.12, 7340.0, 24.1],
[16.7, 33.3, 6.4, 284.0, 842.0, 1.4, 2.9, 0.27, 0.18, 6370.0, 18.3],
[21.3, 44.2, 2.1, 178.0, 1048.0, 2.8, 5.1, 0.15, 0.09, 7760.0, 27.0],
[18.2, 36.7, 4.6, 249.0, 910.0, 1.8, 3.4, 0.22, 0.15, 7010.0, 21.1],
[22.5, 47.2, 1.2, 148.0, 1130.0, 3.4, 6.1, 0.12, 0.07, 8150.0, 28.8],
[15.4, 30.9, 7.5, 315.0, 800.0, 1.1, 2.1, 0.31, 0.22, 6100.0, 16.5],
[19.3, 39.3, 3.7, 222.0, 958.0, 2.0, 3.8, 0.2, 0.13, 7290.0, 23.8],
[18.5, 38.1, 4.2, 239.0, 922.0, 1.8, 3.7, 0.22, 0.14, 7090.0, 22.3],
[20.4, 42.5, 2.8, 198.0, 995.0, 2.5, 4.5, 0.17, 0.11, 7480.0, 26.0],
[17.4, 35.1, 5.6, 267.0, 880.0, 1.6, 3.2, 0.25, 0.16, 6660.0, 19.5],
[19.6, 40.4, 3.2, 216.0, 972.0, 2.2, 4.1, 0.18, 0.12, 7360.0, 24.5],
[16.3, 32.7, 6.8, 292.0, 830.0, 1.3, 2.7, 0.28, 0.19, 6280.0, 18.1],
[21.8, 45.5, 1.6, 162.0, 1090.0, 3.0, 5.6, 0.14, 0.08, 7920.0, 28.0],
[18.1, 36.6, 4.7, 251.0, 914.0, 1.7, 3.3, 0.23, 0.15, 7000.0, 21.0],
[22.1, 46.6, 1.4, 154.0, 1115.0, 3.3, 5.9, 0.13, 0.07, 8070.0, 28.4],
[15.7, 31.3, 7.3, 307.0, 808.0, 1.2, 2.3, 0.3, 0.21, 6140.0, 16.7],
[19.2, 39.0, 3.8, 224.0, 953.0, 2.1, 3.9, 0.19, 0.12, 7270.0, 23.6],
[18.6, 37.7, 4.4, 244.0, 918.0, 1.9, 3.6, 0.21, 0.14, 7060.0, 22.0],
[20.7, 43.3, 2.5, 186.0, 1030.0, 2.7, 4.8, 0.16, 0.1, 7620.0, 26.7],
[17.0, 34.3, 6.0, 278.0, 855.0, 1.5, 3.0, 0.26, 0.17, 6480.0, 18.9],
[19.9, 41.2, 3.0, 208.0, 988.0, 2.3, 4.2, 0.18, 0.11, 7420.0, 25.1],
[16.9, 33.6, 6.1, 283.0, 848.0, 1.4, 2.9, 0.27, 0.18, 6390.0, 18.5],
[21.4, 44.6, 1.9, 174.0, 1065.0, 2.9, 5.2, 0.15, 0.09, 7840.0, 27.4],
[18.3, 36.9, 4.5, 253.0, 916.0, 1.8, 3.4, 0.22, 0.15, 7030.0, 21.3],
[22.6, 47.4, 1.1, 145.0, 1140.0, 3.5, 6.2, 0.11, 0.06, 8200.0, 29.0],
[15.3, 30.5, 7.8, 320.0, 790.0, 1.0, 2.0, 0.32, 0.23, 6050.0, 16.2],
[19.4, 39.6, 3.7, 221.0, 957.0, 2.0, 3.8, 0.2, 0.13, 7310.0, 23.9],
[18.0, 43.3, 2.1, 261.5, 892.5, 1.8, 2.73, 0.256, 0.18, 6927.0, 16.3],
[22.8, 46.5, 8.0, 140.0, 1110.7, 3.36, 5.31, 0.113, 0.06, 8238.5, 17.9],
[17.3, 34.4, 3.7, 288.9, 864.5, 1.72, 3.82, 0.241, 0.165, 6515.1, 16.9],
[22.6, 48.0, 6.1, 140.0, 1094.8, 3.45, 5.22, 0.11, 0.06, 7951.3, 28.3],
[17.1, 38.4, 4.6, 277.6, 883.2, 1.53, 4.46, 0.276, 0.18, 6748.6, 24.1],
[22.4, 35.6, 8.0, 140.0, 1104.0, 3.27, 4.67, 0.139, 0.078, 7993.6, 23.3],
[16.1, 39.3, 5.5, 325.0, 856.3, 1.22, 2.03, 0.304, 0.222, 6401.0, 26.4],
[15.6, 32.6, 4.7, 325.0, 821.9, 1.12, 2.06, 0.297, 0.23, 6260.6, 24.6],
[22.1, 40.7, 8.0, 173.6, 1125.4, 3.24, 5.74, 0.133, 0.062, 7967.9, 16.3],
[15.9, 30.0, 1.0, 293.0, 826.2, 1.44, 2.79, 0.293, 0.208, 6144.6, 17.0],
[17.3, 31.6, 1.0, 290.3, 899.2, 1.87, 4.44, 0.247, 0.153, 6662.6, 26.9],
[22.2, 38.7, 8.0, 142.2, 1103.2, 3.38, 6.07, 0.111, 0.06, 7992.0, 19.0],
[16.0, 32.7, 1.0, 291.3, 831.5, 1.39, 2.99, 0.313, 0.215, 6182.0, 22.7],
[17.4, 33.4, 7.1, 276.1, 893.2, 1.57, 2.98, 0.273, 0.219, 6533.0, 22.6],
[22.9, 38.3, 7.5, 158.0, 1119.5, 3.5, 5.11, 0.118, 0.06, 8236.2, 17.2],
[21.7, 38.2, 8.0, 142.5, 1093.8, 3.16, 4.0, 0.145, 0.091, 7942.4, 18.4],
[20.5, 37.9, 3.0, 176.1, 1019.8, 2.56, 5.39, 0.191, 0.136, 7610.9, 27.0],
[19.4, 38.8, 7.5, 198.8, 1014.8, 2.54, 4.73, 0.198, 0.137, 7327.9, 28.1],
[22.1, 45.0, 7.0, 140.0, 1077.4, 3.38, 5.51, 0.114, 0.068, 8062.3, 16.1],
[16.3, 36.0, 1.0, 304.1, 821.4, 1.49, 2.81, 0.279, 0.194, 6425.5, 27.5],
[20.3, 40.3, 8.0, 194.5, 1004.7, 2.55, 5.49, 0.177, 0.083, 7543.1, 26.7],
[19.0, 39.1, 5.1, 214.2, 982.8, 2.16, 3.01, 0.221, 0.17, 7301.2, 28.9],
[22.3, 39.5, 8.0, 181.9, 1107.8, 3.47, 6.39, 0.142, 0.084, 8007.2, 27.5],
[17.5, 31.9, 3.0, 293.4, 913.2, 1.81, 2.82, 0.259, 0.16, 6559.2, 23.0],
[22.0, 44.4, 6.4, 175.3, 1088.8, 3.1, 5.68, 0.149, 0.06, 8134.0, 22.9],
[19.0, 42.2, 3.8, 244.6, 988.7, 2.41, 3.95, 0.21, 0.164, 7156.3, 16.5],
[18.7, 38.3, 6.4, 244.9, 913.9, 1.97, 4.58, 0.217, 0.169, 7049.5, 26.4],
[16.7, 37.4, 6.0, 258.8, 864.0, 1.55, 3.75, 0.284, 0.185, 6484.6, 20.4],
[21.4, 37.2, 7.9, 151.7, 1035.0, 3.19, 5.83, 0.16, 0.095, 7669.3, 18.1],
[17.0, 36.7, 1.3, 288.4, 857.4, 1.81, 4.23, 0.27, 0.193, 6530.3, 19.3],
[17.8, 40.4, 7.7, 237.2, 874.7, 1.69, 4.37, 0.255, 0.187, 6626.6, 22.6],
[18.8, 33.2, 5.3, 231.0, 965.3, 2.24, 3.14, 0.215, 0.137, 7070.0, 27.6],
[20.3, 34.6, 8.0, 211.0, 985.6, 2.69, 5.56, 0.184, 0.121, 7547.9, 22.2],
[19.4, 44.6, 6.3, 250.9, 1015.4, 2.25, 3.2, 0.189, 0.148, 7075.3, 25.2],
[15.6, 32.1, 1.0, 282.5, 837.2, 1.1, 2.16, 0.312, 0.23, 6319.7, 25.9],
[21.4, 37.3, 8.0, 192.0, 1097.5, 3.2, 4.91, 0.147, 0.06, 7736.3, 28.6],
[21.9, 39.9, 5.9, 180.7, 1063.7, 3.32, 5.23, 0.152, 0.093, 8098.8, 21.3],
[15.1, 39.8, 4.4, 311.8, 825.5, 1.21, 3.27, 0.32, 0.23, 6000.0, 20.4],
[20.4, 42.9, 4.1, 217.5, 995.3, 2.69, 3.62, 0.18, 0.114, 7673.8, 20.7],
[15.9, 30.0, 1.0, 311.3, 793.6, 1.11, 3.45, 0.279, 0.19, 6335.6, 17.1],
[15.7, 41.5, 2.7, 301.1, 841.5, 1.4, 4.37, 0.312, 0.23, 6030.3, 26.5],
[19.5, 37.4, 2.2, 197.6, 986.9, 2.21, 4.04, 0.184, 0.137, 7112.6, 24.8],
[21.0, 41.2, 3.3, 178.7, 1037.9, 3.02, 4.31, 0.181, 0.14, 7875.5, 16.6],
[22.1, 41.5, 4.2, 140.0, 1108.8, 3.41, 5.36, 0.139, 0.06, 7978.7, 24.5],
[19.7, 44.3, 8.0, 203.2, 1032.5, 2.62, 4.42, 0.201, 0.144, 7197.1, 22.3],
[17.8, 38.0, 7.2, 288.7, 949.9, 1.95, 3.93, 0.239, 0.15, 6861.4, 18.2],
[22.3, 45.8, 4.7, 169.7, 1122.6, 3.25, 6.1, 0.143, 0.1, 7863.7, 21.1],
[21.5, 47.3, 8.0, 180.3, 1068.0, 3.22, 5.87, 0.163, 0.095, 7794.1, 19.7],
[15.5, 39.6, 1.0, 325.0, 847.2, 1.18, 3.67, 0.32, 0.229, 6039.6, 22.1],
[16.0, 41.4, 1.2, 285.6, 843.7, 1.36, 2.95, 0.278, 0.198, 6289.4, 26.4],
[19.2, 43.1, 4.8, 231.5, 1004.1, 2.27, 3.36, 0.191, 0.106, 7229.4, 25.5],
[16.7, 30.6, 6.6, 276.7, 868.7, 1.49, 3.25, 0.292, 0.23, 6483.7, 26.6],
[18.2, 38.9, 1.3, 278.0, 900.8, 2.17, 4.05, 0.226, 0.158, 7092.0, 22.7],
[17.6, 38.5, 5.7, 239.4, 872.3, 1.66, 2.79, 0.237, 0.159, 6604.0, 20.7],
[22.2, 40.8, 6.9, 140.0, 1084.4, 3.07, 4.24, 0.122, 0.071, 7860.5, 17.6],
[18.7, 33.6, 5.8, 239.6, 966.7, 1.97, 4.53, 0.228, 0.183, 7190.1, 28.4],
[15.5, 31.4, 1.0, 325.0, 785.0, 1.04, 2.66, 0.306, 0.229, 6088.2, 22.2],
[21.0, 33.5, 8.0, 199.1, 1086.6, 2.88, 4.85, 0.147, 0.08, 7700.5, 19.3],
[17.2, 34.5, 7.0, 263.4, 860.9, 1.62, 2.68, 0.278, 0.202, 6690.4, 26.7],
[19.0, 32.2, 4.7, 237.7, 984.6, 2.22, 3.3, 0.206, 0.144, 7183.4, 23.7],
[17.8, 43.6, 3.0, 244.5, 879.1, 1.74, 3.08, 0.233, 0.182, 6701.5, 18.3],
[22.2, 35.3, 8.0, 153.1, 1145.0, 3.09, 4.77, 0.15, 0.06, 8151.8, 19.5],
[16.4, 37.8, 1.0, 296.0, 853.7, 1.35, 3.84, 0.271, 0.212, 6363.9, 22.9],
[16.9, 30.5, 2.0, 268.4, 877.0, 1.46, 3.32, 0.271, 0.228, 6469.0, 17.8],
[15.5, 41.4, 2.9, 325.0, 787.9, 1.23, 3.7, 0.311, 0.23, 6105.4, 20.7],
[22.4, 46.0, 4.7, 140.0, 1136.5, 3.49, 4.69, 0.11, 0.06, 8111.0, 27.4],
[16.1, 39.2, 4.5, 279.4, 807.6, 1.47, 3.73, 0.292, 0.23, 6460.3, 21.3],
[21.5, 39.6, 8.0, 172.4, 1061.6, 3.13, 5.04, 0.139, 0.06, 7781.7, 23.3],
[22.3, 43.0, 8.0, 182.6, 1123.7, 3.22, 4.33, 0.14, 0.063, 8066.5, 28.1],
[21.3, 35.4, 8.0, 164.2, 1088.0, 2.78, 4.83, 0.165, 0.072, 7708.7, 27.1],
[15.9, 39.8, 4.9, 298.0, 849.3, 1.14, 2.44, 0.305, 0.222, 6309.6, 25.4],
[19.3, 34.8, 6.5, 206.5, 1011.2, 2.38, 4.06, 0.206, 0.109, 7070.7, 23.9],
[19.0, 39.6, 8.0, 254.8, 999.6, 2.28, 4.61, 0.232, 0.15, 6986.0, 23.8],
[19.9, 37.8, 4.0, 237.7, 1039.5, 2.51, 3.56, 0.211, 0.121, 7228.0, 28.4],
[22.0, 41.3, 7.3, 157.1, 1064.4, 3.12, 5.69, 0.116, 0.06, 7928.0, 23.3],
[22.4, 39.2, 8.0, 168.1, 1114.2, 3.2, 5.0, 0.111, 0.06, 8080.6, 21.7],
[22.3, 39.4, 7.7, 164.1, 1074.5, 3.35, 4.54, 0.147, 0.098, 8019.0, 17.2],
[23.0, 42.0, 8.0, 140.0, 1145.0, 3.38, 6.16, 0.11, 0.06, 8064.6, 22.4],
[19.5, 32.4, 3.3, 218.1, 989.5, 2.38, 4.06, 0.204, 0.155, 7138.4, 27.6],
[22.6, 39.8, 8.0, 157.9, 1119.7, 3.19, 4.33, 0.129, 0.06, 7948.3, 19.0],
[16.8, 38.2, 6.6, 259.6, 890.0, 1.43, 3.67, 0.262, 0.216, 6403.5, 25.8],
[21.8, 45.4, 8.0, 177.8, 1067.4, 3.04, 5.81, 0.122, 0.077, 7795.7, 16.4],
[16.5, 36.7, 3.1, 313.9, 877.9, 1.41, 2.78, 0.276, 0.201, 6329.1, 24.4],
[18.3, 38.0, 4.8, 236.4, 969.4, 2.14, 3.25, 0.248, 0.179, 7085.9, 26.8],
[18.4, 30.7, 6.3, 248.9, 948.7, 1.97, 3.08, 0.244, 0.145, 6966.5, 18.3],
[17.2, 30.0, 1.0, 251.2, 890.1, 1.6, 3.62, 0.268, 0.178, 6501.3, 16.1],
[16.1, 40.7, 1.0, 305.4, 842.5, 1.41, 2.6, 0.308, 0.23, 6262.6, 23.0],
[15.4, 30.0, 1.0, 290.7, 811.3, 1.02, 2.68, 0.301, 0.23, 6200.1, 20.0],
[19.5, 38.2, 4.2, 247.1, 1006.1, 2.29, 3.16, 0.192, 0.116, 7086.2, 22.7],
[19.8, 36.5, 3.6, 190.4, 967.0, 2.59, 4.48, 0.202, 0.136, 7248.6, 27.1],
[21.4, 43.1, 8.0, 182.4, 1061.9, 2.84, 5.66, 0.137, 0.06, 7778.4, 18.5],
[19.3, 43.5, 3.4, 244.0, 991.2, 2.42, 5.09, 0.197, 0.128, 7097.9, 29.3],
[22.6, 35.2, 7.0, 174.8, 1101.4, 3.4, 6.21, 0.11, 0.06, 8056.4, 28.5],
[22.8, 48.0, 8.0, 166.3, 1145.0, 3.37, 5.99, 0.11, 0.06, 8085.8, 17.6],
[15.6, 37.3, 2.9, 324.6, 785.0, 1.11, 3.1, 0.316, 0.23, 6219.1, 28.0],
[19.9, 35.2, 8.0, 233.9, 967.2, 2.68, 4.64, 0.209, 0.121, 7577.3, 20.7],
[21.1, 38.7, 7.3, 191.6, 1089.4, 3.1, 5.59, 0.157, 0.092, 7810.7, 19.2],
[15.9, 32.9, 3.6, 292.0, 804.2, 1.1, 2.0, 0.316, 0.23, 6206.9, 25.2],
[16.7, 42.0, 1.0, 261.1, 854.9, 1.68, 4.56, 0.274, 0.197, 6344.9, 29.4],
[16.9, 42.1, 1.7, 287.5, 871.5, 1.49, 2.68, 0.259, 0.208, 6646.2, 20.7],
[15.5, 41.1, 1.0, 325.0, 847.1, 1.03, 2.7, 0.317, 0.23, 6002.2, 27.0],
[16.8, 31.9, 2.5, 289.0, 872.4, 1.4, 4.13, 0.263, 0.215, 6661.7, 28.9],
[21.9, 45.2, 6.7, 168.5, 1062.5, 3.12, 4.74, 0.129, 0.06, 7939.0, 17.1],
[16.8, 38.4, 6.2, 304.4, 865.6, 1.55, 3.65, 0.286, 0.225, 6577.5, 23.6],
[17.1, 41.4, 1.0, 285.9, 907.5, 1.8, 4.16, 0.278, 0.196, 6662.7, 24.4],
[21.0, 35.2, 4.0, 208.6, 1017.3, 3.01, 4.09, 0.156, 0.071, 7551.8, 27.0],
[21.7, 40.8, 8.0, 157.3, 1095.9, 3.29, 5.48, 0.135, 0.06, 7900.4, 26.5],
[15.9, 38.6, 1.6, 325.0, 812.8, 1.33, 4.18, 0.28, 0.184, 6328.3, 16.9],
[17.4, 39.3, 6.9, 274.4, 880.7, 1.8, 2.7, 0.272, 0.174, 6862.6, 26.1],
[16.0, 38.6, 5.8, 273.2, 815.9, 1.31, 3.8, 0.301, 0.23, 6190.7, 29.5],
[18.4, 36.7, 7.1, 264.1, 953.5, 1.95, 2.93, 0.238, 0.159, 6865.6, 28.8],
[16.2, 34.3, 1.0, 292.4, 850.1, 1.33, 2.73, 0.308, 0.23, 6495.1, 19.1],
[16.7, 30.0, 1.5, 277.8, 890.6, 1.52, 4.45, 0.263, 0.171, 6588.8, 26.4],
[21.8, 44.5, 6.8, 145.6, 1053.6, 3.29, 5.45, 0.153, 0.084, 7759.4, 17.7],
[20.5, 38.5, 8.0, 197.3, 997.6, 2.75, 4.14, 0.188, 0.129, 7529.0, 16.2],
[15.6, 33.1, 1.8, 317.1, 795.3, 1.27, 3.96, 0.315, 0.23, 6161.0, 17.4],
[16.9, 42.7, 5.8, 281.0, 880.0, 1.67, 3.7, 0.251, 0.191, 6541.5, 17.2],
[17.8, 30.3, 7.2, 254.1, 881.6, 1.9, 4.22, 0.259, 0.207, 6654.5, 17.4],
[20.1, 42.0, 8.0, 233.2, 978.7, 2.61, 4.97, 0.201, 0.118, 7555.1, 20.6],
[21.5, 34.6, 4.3, 177.5, 1102.9, 3.01, 5.23, 0.15, 0.066, 7660.8, 16.8],
[17.0, 31.2, 1.0, 261.9, 913.1, 1.56, 2.76, 0.279, 0.199, 6561.8, 23.5],
[20.8, 36.0, 2.8, 219.4, 1058.0, 2.69, 4.99, 0.151, 0.109, 7534.3, 22.2],
[21.9, 44.1, 6.0, 161.0, 1083.2, 3.1, 6.07, 0.12, 0.06, 7972.1, 21.9],
[20.8, 39.6, 3.8, 214.9, 1039.7, 2.72, 4.82, 0.184, 0.131, 7680.4, 24.5],
[20.9, 34.7, 5.2, 213.1, 1024.9, 2.74, 5.68, 0.152, 0.061, 7656.3, 19.3],
[22.0, 40.2, 7.9, 154.7, 1107.4, 3.05, 4.71, 0.155, 0.1, 8031.4, 20.4],
[21.2, 35.0, 3.4, 178.9, 1042.9, 2.77, 3.94, 0.158, 0.098, 7875.3, 21.8],
[17.0, 37.6, 1.3, 258.8, 848.4, 1.44, 3.86, 0.274, 0.206, 6700.2, 26.9],
[19.7, 43.9, 8.0, 193.0, 978.1, 2.29, 4.26, 0.214, 0.172, 7170.7, 22.1],
[22.5, 38.9, 8.0, 140.0, 1094.4, 3.5, 6.42, 0.11, 0.06, 8165.0, 27.7],
[18.6, 37.8, 4.7, 251.8, 918.2, 1.94, 3.42, 0.234, 0.182, 7081.9, 29.1],
[15.8, 37.2, 2.2, 325.0, 795.2, 1.33, 3.97, 0.317, 0.23, 6223.9, 24.3],
[22.0, 42.0, 8.0, 189.0, 1115.2, 3.26, 4.53, 0.143, 0.079, 8029.2, 17.4],
[20.3, 46.3, 8.0, 231.1, 1016.1, 2.8, 5.32, 0.184, 0.1, 7642.0, 21.5],
[17.6, 38.9, 1.1, 280.6, 925.8, 1.79, 4.39, 0.237, 0.164, 6533.6, 20.4],
[17.9, 35.4, 2.3, 251.3, 911.4, 1.8, 3.42, 0.233, 0.189, 6857.0, 25.0],
[20.0, 38.5, 7.0, 231.2, 1011.5, 2.55, 3.41, 0.182, 0.119, 7365.8, 23.8],
[19.3, 39.8, 3.2, 244.3, 995.9, 2.53, 3.37, 0.195, 0.155, 7268.4, 28.1],
[16.9, 41.9, 6.4, 307.1, 858.6, 1.43, 3.3, 0.26, 0.203, 6457.3, 26.8],
[19.3, 35.7, 4.4, 238.5, 960.3, 2.31, 3.38, 0.194, 0.113, 7082.0, 23.1],
[20.7, 34.2, 6.2, 178.6, 1078.5, 2.77, 5.34, 0.172, 0.129, 7656.4, 28.8],
[19.8, 43.3, 2.7, 197.7, 978.0, 2.54, 4.24, 0.208, 0.114, 7291.4, 19.2],
[21.2, 37.0, 4.6, 177.0, 1077.4, 2.78, 4.95, 0.155, 0.08, 7611.0, 25.9],
[21.9, 36.9, 8.0, 140.0, 1106.9, 3.2, 5.2, 0.128, 0.065, 7978.4, 22.7],
[22.9, 36.8, 7.3, 140.0, 1134.8, 3.5, 5.82, 0.132, 0.084, 8063.5, 25.8],
[19.6, 35.4, 8.0, 193.8, 1023.5, 2.31, 3.82, 0.188, 0.127, 7121.5, 23.0],
[15.5, 38.7, 3.6, 315.8, 837.9, 1.22, 3.19, 0.3, 0.23, 6208.4, 29.4],
[20.3, 40.1, 4.5, 200.3, 988.3, 2.68, 5.59, 0.168, 0.087, 7371.0, 23.2],
[15.8, 34.1, 1.0, 297.4, 834.2, 1.37, 4.21, 0.288, 0.224, 6086.0, 29.4],
[22.4, 42.0, 5.7, 155.1, 1127.9, 3.15, 5.61, 0.111, 0.06, 8194.1, 25.6],
[15.3, 31.5, 3.2, 309.7, 785.0, 1.27, 3.29, 0.304, 0.23, 6063.3, 24.1],
[19.1, 44.0, 5.1, 259.7, 997.6, 2.16, 5.01, 0.197, 0.108, 7105.4, 27.9],
[21.9, 45.2, 5.6, 153.7, 1062.0, 3.12, 4.3, 0.147, 0.086, 8130.9, 24.7],
[21.6, 35.5, 4.7, 197.7, 1081.0, 3.11, 5.59, 0.134, 0.064, 7815.7, 18.0],
[17.9, 30.9, 7.7, 236.0, 952.5, 1.93, 4.85, 0.241, 0.182, 6818.1, 21.9],
[15.8, 36.8, 4.1, 313.7, 833.0, 1.11, 2.04, 0.31, 0.23, 6048.3, 29.4],
[15.5, 37.2, 1.0, 297.8, 785.0, 1.0, 2.47, 0.291, 0.209, 6000.0, 22.9],
[23.0, 46.4, 8.0, 140.0, 1145.0, 3.5, 5.24, 0.11, 0.06, 8229.9, 18.6],
[17.9, 35.7, 1.3, 272.0, 937.0, 1.71, 3.43, 0.243, 0.202, 6719.6, 26.3],
[16.1, 35.6, 4.4, 270.3, 813.8, 1.53, 4.09, 0.31, 0.23, 6153.3, 23.4],
[18.6, 42.4, 7.8, 241.0, 919.0, 2.05, 4.47, 0.225, 0.162, 6970.3, 22.2],
[21.3, 45.8, 3.7, 196.5, 1053.7, 3.04, 4.8, 0.145, 0.06, 7587.2, 28.2],
[18.7, 39.6, 3.4, 263.1, 962.4, 2.2, 3.15, 0.224, 0.175, 7135.6, 22.9],
[20.4, 33.0, 8.0, 213.1, 993.8, 2.52, 3.35, 0.197, 0.113, 7460.1, 20.0],
[17.8, 40.6, 2.5, 241.4, 884.9, 1.71, 3.96, 0.257, 0.201, 6595.9, 17.1],
[22.7, 38.8, 6.5, 154.4, 1122.1, 3.29, 4.36, 0.122, 0.06, 8223.2, 23.2],
[15.3, 40.9, 1.0, 305.6, 836.9, 1.13, 3.21, 0.32, 0.23, 6147.0, 17.7],
[17.7, 42.7, 5.9, 254.9, 901.1, 1.82, 3.97, 0.267, 0.213, 6608.0, 18.7],
[22.1, 43.1, 8.0, 179.8, 1133.4, 3.36, 6.18, 0.124, 0.06, 7981.1, 27.4],
[20.8, 43.7, 5.6, 171.5, 1049.6, 3.01, 5.87, 0.149, 0.099, 7483.9, 25.8],
[21.5, 36.5, 7.5, 195.1, 1096.1, 3.05, 5.15, 0.15, 0.092, 7854.1, 25.3],
[22.0, 42.9, 5.9, 142.7, 1096.9, 2.99, 4.33, 0.145, 0.06, 7808.4, 21.4],
[21.4, 36.3, 7.0, 191.0, 1082.3, 2.88, 4.46, 0.163, 0.09, 7602.1, 26.3],
[15.3, 37.7, 3.7, 325.0, 787.9, 1.02, 2.15, 0.304, 0.211, 6282.9, 21.0],
[18.6, 40.7, 1.5, 247.3, 938.3, 2.09, 4.42, 0.206, 0.129, 6954.7, 26.7],
[15.7, 35.9, 1.9, 317.4, 785.0, 1.25, 3.29, 0.304, 0.228, 6267.5, 26.9],
[17.2, 40.8, 3.2, 248.7, 848.7, 1.62, 4.15, 0.271, 0.184, 6625.7, 21.9],
[16.2, 32.8, 2.7, 272.6, 816.6, 1.41, 3.83, 0.308, 0.212, 6394.5, 21.7],
[20.1, 43.1, 8.0, 201.7, 1041.7, 2.55, 4.61, 0.19, 0.139, 7379.3, 20.5],
[15.2, 30.0, 1.0, 306.8, 795.4, 1.0, 3.87, 0.305, 0.23, 6205.3, 27.4],
[16.5, 39.7, 2.8, 289.3, 823.2, 1.3, 3.7, 0.28, 0.214, 6513.7, 26.3],
[16.3, 36.8, 5.2, 310.0, 856.1, 1.59, 2.54, 0.268, 0.211, 6270.3, 19.3],
[22.3, 37.8, 8.0, 171.8, 1109.5, 3.39, 4.33, 0.128, 0.086, 7878.2, 28.2],
[16.1, 35.6, 2.8, 290.4, 866.5, 1.15, 3.41, 0.31, 0.23, 6484.1, 16.7],
[18.4, 34.0, 2.6, 275.3, 918.5, 2.12, 3.36, 0.233, 0.165, 7145.1, 24.2],
[17.8, 31.4, 6.6, 243.8, 891.1, 2.02, 4.05, 0.247, 0.2, 6931.6, 25.8],
[15.5, 37.4, 1.2, 288.3, 804.2, 1.15, 2.31, 0.32, 0.229, 6208.2, 22.2],
[18.3, 39.4, 3.9, 222.4, 934.5, 2.15, 3.96, 0.215, 0.128, 6808.7, 19.5],
[16.3, 32.9, 1.0, 296.1, 819.9, 1.56, 4.3, 0.301, 0.23, 6346.1, 29.3],
[21.2, 33.6, 8.0, 179.5, 1096.7, 2.95, 4.85, 0.141, 0.062, 7872.6, 21.1],
[21.2, 46.7, 8.0, 183.0, 1047.0, 3.05, 5.12, 0.163, 0.075, 7702.1, 28.4],
[19.3, 33.5, 3.7, 243.2, 963.8, 2.49, 5.28, 0.198, 0.099, 7065.7, 18.7],
[16.5, 41.0, 1.3, 269.4, 847.7, 1.51, 2.49, 0.296, 0.208, 6424.0, 29.1],
[18.3, 44.1, 3.0, 256.8, 906.8, 2.18, 3.92, 0.22, 0.179, 6952.0, 23.1],
[20.8, 45.3, 8.0, 204.8, 1021.0, 2.96, 5.56, 0.169, 0.086, 7557.0, 22.4],
[21.6, 40.0, 8.0, 172.0, 1108.3, 3.0, 4.18, 0.155, 0.065, 7696.5, 19.2],
[16.1, 33.0, 2.5, 314.5, 846.6, 1.39, 2.97, 0.305, 0.23, 6501.0, 24.6],
[16.0, 37.5, 3.4, 313.1, 795.6, 1.18, 3.86, 0.283, 0.193, 6193.0, 24.7],
[20.6, 39.8, 8.0, 178.3, 999.7, 2.67, 4.91, 0.191, 0.099, 7681.4, 26.6],
[20.3, 35.9, 3.0, 212.7, 1028.3, 2.5, 4.28, 0.179, 0.087, 7509.3, 21.1],
[22.8, 36.4, 8.0, 140.0, 1145.0, 3.5, 4.92, 0.13, 0.072, 8250.0, 26.2],
[21.4, 33.7, 3.7, 190.6, 1057.4, 3.13, 4.55, 0.167, 0.12, 7881.5, 23.3],
[15.8, 31.2, 5.7, 304.6, 805.1, 1.29, 2.74, 0.291, 0.206, 6044.3, 28.2],
[21.8, 43.1, 7.1, 191.3, 1065.8, 2.96, 4.29, 0.153, 0.111, 7945.6, 29.4],
[21.8, 41.1, 8.0, 187.6, 1098.9, 2.97, 3.98, 0.158, 0.078, 8044.2, 27.9],
[19.6, 38.8, 6.2, 207.6, 986.8, 2.55, 4.67, 0.215, 0.148, 7336.6, 24.5],
[19.7, 41.5, 7.8, 217.1, 964.8, 2.42, 4.29, 0.203, 0.106, 7362.1, 26.0],
[19.1, 40.0, 8.0, 215.5, 958.4, 2.27, 3.17, 0.198, 0.141, 7341.7, 20.5],
[18.9, 33.6, 4.0, 221.7, 937.1, 2.23, 3.04, 0.198, 0.145, 6911.6, 17.5],
[17.7, 40.9, 3.1, 263.3, 890.0, 2.02, 3.69, 0.233, 0.156, 6604.9, 20.7],
[19.1, 43.3, 5.2, 242.3, 1008.9, 2.13, 3.53, 0.208, 0.143, 7117.5, 28.3],
[20.7, 41.2, 8.0, 212.6, 1077.9, 2.91, 3.71, 0.176, 0.133, 7506.2, 16.8],
[19.8, 41.4, 8.0, 207.0, 997.5, 2.45, 3.52, 0.191, 0.106, 7178.4, 17.1],
[17.8, 43.0, 2.5, 271.0, 900.0, 1.91, 2.73, 0.252, 0.157, 6832.5, 27.8],
[20.8, 34.5, 3.6, 164.9, 1048.7, 2.67, 3.5, 0.165, 0.107, 7625.7, 23.8],
[15.3, 30.0, 1.0, 308.7, 816.8, 1.15, 3.81, 0.32, 0.23, 6153.6, 19.7],
[17.5, 40.5, 3.9, 285.1, 923.3, 1.92, 4.74, 0.252, 0.193, 6736.0, 21.0],
[19.8, 41.7, 4.3, 206.5, 974.3, 2.47, 3.58, 0.21, 0.149, 7211.8, 16.3],
[20.2, 41.1, 7.5, 179.1, 1011.8, 2.55, 4.84, 0.188, 0.126, 7349.7, 29.3],
[18.6, 40.2, 7.5, 240.9, 909.2, 2.13, 5.05, 0.221, 0.179, 6824.9, 21.2],
[16.3, 30.0, 1.0, 292.4, 826.6, 1.57, 2.63, 0.304, 0.23, 6521.0, 24.1],
[21.6, 47.4, 8.0, 200.0, 1073.2, 3.02, 4.57, 0.148, 0.099, 7877.7, 23.3],
[21.1, 44.8, 7.6, 172.1, 1040.2, 2.78, 3.71, 0.154, 0.098, 7902.2, 23.5],
[17.8, 37.9, 6.7, 256.9, 921.1, 1.87, 3.55, 0.266, 0.173, 6836.9, 23.7],
[20.0, 34.8, 6.8, 181.7, 1008.0, 2.58, 3.88, 0.207, 0.112, 7495.1, 23.2],
[22.0, 35.8, 5.7, 140.6, 1123.5, 3.1, 5.83, 0.154, 0.105, 7953.8, 29.2],
[18.9, 43.0, 4.2, 227.3, 943.4, 2.1, 4.58, 0.213, 0.142, 7093.8, 23.8],
[21.9, 47.6, 8.0, 185.1, 1116.7, 3.19, 6.09, 0.127, 0.08, 8082.2, 21.9],
[21.8, 46.3, 8.0, 190.8, 1086.9, 3.13, 5.31, 0.159, 0.118, 7903.2, 25.3],
[20.8, 42.5, 8.0, 178.8, 1034.7, 2.93, 4.34, 0.156, 0.06, 7434.8, 29.5],
[20.4, 44.0, 8.0, 171.0, 1047.0, 2.82, 5.25, 0.164, 0.079, 7626.3, 24.9],
[21.1, 44.9, 6.2, 159.3, 1058.5, 2.74, 4.44, 0.156, 0.112, 7655.2, 17.5],
[21.5, 46.8, 8.0, 202.0, 1079.3, 2.95, 3.92, 0.149, 0.061, 7911.0, 16.7],
[15.6, 33.2, 3.2, 295.1, 794.5, 1.31, 4.15, 0.3, 0.206, 6097.3, 22.4],
[16.8, 37.8, 1.0, 289.6, 854.6, 1.62, 2.69, 0.288, 0.218, 6486.0, 23.9],
[20.0, 33.0, 4.5, 193.9, 1027.1, 2.69, 5.26, 0.191, 0.12, 7263.4, 26.5],
[17.2, 36.2, 4.9, 252.2, 894.4, 1.51, 3.96, 0.255, 0.215, 6623.2, 16.6],
[17.2, 39.1, 6.7, 294.5, 844.3, 1.59, 4.02, 0.255, 0.209, 6562.8, 19.7],
[21.7, 38.1, 5.4, 193.6, 1081.2, 3.26, 4.89, 0.163, 0.118, 7959.2, 22.7],
[18.1, 39.0, 2.5, 223.6, 897.9, 2.05, 4.32, 0.257, 0.171, 7052.2, 25.5],
[17.4, 30.9, 1.1, 278.1, 856.9, 1.69, 4.59, 0.257, 0.191, 6658.1, 18.8],
[17.9, 35.1, 7.5, 274.0, 908.8, 2.04, 4.71, 0.232, 0.153, 6804.5, 27.9],
[16.7, 38.2, 1.8, 273.4, 832.4, 1.59, 4.01, 0.268, 0.189, 6436.2, 25.6],
[16.6, 41.1, 4.3, 280.1, 821.6, 1.34, 3.27, 0.269, 0.179, 6255.9, 21.1],
[17.7, 30.0, 6.7, 257.4, 905.9, 1.81, 3.78, 0.253, 0.212, 6745.0, 29.0],
[19.2, 40.7, 6.7, 244.3, 995.8, 2.32, 5.27, 0.195, 0.154, 7289.3, 26.9],
[16.0, 31.7, 5.9, 289.5, 851.9, 1.32, 2.89, 0.289, 0.23, 6201.2, 24.7],
[22.8, 46.7, 8.0, 168.5, 1145.0, 3.5, 5.31, 0.111, 0.06, 8020.0, 19.1],
[17.0, 35.8, 1.0, 277.2, 839.6, 1.81, 4.68, 0.279, 0.18, 6580.3, 29.0],
[15.6, 32.7, 3.8, 292.9, 785.0, 1.24, 3.76, 0.307, 0.23, 6293.2, 24.6],
[18.1, 39.5, 6.0, 244.0, 957.9, 1.88, 3.71, 0.254, 0.172, 6696.8, 18.0],
[15.1, 35.9, 1.5, 300.7, 826.1, 1.04, 2.37, 0.317, 0.23, 6000.0, 19.7],
[21.5, 39.9, 7.1, 170.7, 1041.0, 2.9, 4.68, 0.138, 0.095, 7965.6, 29.2],
[21.3, 45.3, 8.0, 207.0, 1044.3, 3.15, 6.14, 0.163, 0.064, 7799.7, 19.5],
[18.5, 38.8, 7.9, 251.4, 981.0, 1.97, 4.51, 0.244, 0.147, 7168.4, 23.0],
[22.8, 45.4, 8.0, 143.2, 1145.0, 3.34, 5.55, 0.122, 0.072, 8219.8, 26.4],
[19.0, 31.2, 8.0, 223.9, 999.1, 2.14, 4.34, 0.204, 0.145, 7264.2, 25.8],
[15.8, 33.8, 5.6, 305.4, 834.0, 1.1, 2.54, 0.295, 0.2, 6422.3, 16.6],
[21.1, 38.3, 8.0, 199.2, 1093.0, 3.09, 5.16, 0.154, 0.067, 7616.0, 23.6],
[17.9, 39.1, 6.0, 239.4, 949.0, 1.75, 3.66, 0.233, 0.191, 6630.0, 18.4],
[21.9, 37.9, 4.3, 170.3, 1090.4, 3.19, 5.13, 0.149, 0.092, 7881.8, 28.1],
[22.6, 47.1, 8.0, 166.1, 1125.1, 3.37, 4.62, 0.124, 0.073, 8070.1, 27.5],
[16.7, 30.0, 6.1, 312.1, 862.1, 1.5, 4.08, 0.289, 0.229, 6555.6, 26.4],
[20.2, 34.3, 3.2, 207.1, 1001.6, 2.6, 3.48, 0.169, 0.083, 7262.5, 21.6],
[19.2, 32.0, 1.4, 211.4, 958.3, 2.23, 3.54, 0.19, 0.106, 7368.0, 19.0],
[20.3, 42.7, 3.5, 197.8, 1007.7, 2.59, 4.96, 0.194, 0.143, 7439.0, 28.2],
[21.5, 47.3, 5.5, 168.3, 1084.8, 3.1, 4.07, 0.151, 0.068, 7695.1, 26.5],
[19.7, 45.0, 8.0, 202.2, 1004.6, 2.39, 4.76, 0.207, 0.161, 7327.4, 22.9],
[18.0, 43.1, 1.4, 267.5, 937.1, 1.92, 4.75, 0.249, 0.165, 6988.4, 19.7],
[21.5, 36.2, 8.0, 164.8, 1115.8, 3.17, 5.51, 0.158, 0.084, 8007.0, 22.7],
[18.0, 32.3, 1.7, 269.7, 910.7, 1.75, 4.4, 0.222, 0.14, 7031.9, 21.9],
[16.9, 38.8, 1.0, 283.8, 907.9, 1.41, 3.32, 0.279, 0.187, 6406.1, 26.8],
[19.4, 37.0, 8.0, 245.2, 955.6, 2.3, 3.74, 0.219, 0.139, 7356.2, 19.4],
[20.0, 40.0, 3.3, 233.7, 971.0, 2.63, 3.54, 0.191, 0.134, 7329.0, 20.8],
[20.0, 36.7, 4.1, 203.6, 975.5, 2.68, 4.11, 0.186, 0.105, 7339.2, 16.8],
[18.0, 43.2, 2.9, 265.9, 930.6, 1.82, 3.54, 0.251, 0.205, 6754.9, 19.7],
[18.5, 44.2, 8.0, 245.2, 916.8, 2.28, 3.33, 0.224, 0.14, 7066.2, 21.7],
[17.8, 35.4, 5.7, 242.6, 909.6, 1.78, 3.21, 0.253, 0.155, 6829.0, 17.0],
[15.6, 40.9, 3.2, 286.6, 819.9, 1.24, 3.47, 0.295, 0.23, 6354.8, 19.4],
[20.4, 42.3, 5.5, 188.9, 1009.7, 2.73, 5.44, 0.196, 0.15, 7380.7, 28.8],
[20.9, 45.3, 8.0, 193.8, 1066.6, 2.92, 4.62, 0.146, 0.071, 7560.6, 22.1],
[22.7, 40.3, 6.0, 140.0, 1145.0, 3.5, 4.52, 0.11, 0.06, 8002.7, 26.1],
[22.3, 40.4, 8.0, 152.3, 1131.4, 3.08, 5.18, 0.133, 0.06, 7949.9, 25.6],
[15.7, 30.5, 1.0, 323.1, 785.0, 1.12, 2.39, 0.292, 0.23, 6021.9, 22.2],
[20.9, 41.4, 5.5, 163.4, 1086.6, 2.98, 5.55, 0.178, 0.082, 7677.1, 18.7],
[19.9, 42.3, 4.0, 213.0, 971.0, 2.48, 5.31, 0.195, 0.123, 7285.7, 21.0],
[22.2, 43.5, 5.9, 155.8, 1119.4, 3.15, 5.5, 0.128, 0.061, 8084.7, 28.6],
[15.5, 39.0, 3.2, 310.1, 785.0, 1.08, 2.99, 0.289, 0.22, 6311.5, 17.4],
[21.1, 38.8, 5.9, 169.6, 1032.3, 2.77, 3.73, 0.147, 0.067, 7868.3, 27.0],
[20.5, 34.0, 8.0, 186.4, 1012.5, 2.72, 4.7, 0.17, 0.109, 7678.3, 26.7],
[17.5, 42.3, 1.0, 256.8, 885.9, 1.78, 4.65, 0.269, 0.223, 6660.2, 23.5],
[19.0, 33.7, 2.1, 243.1, 992.0, 2.39, 4.84, 0.213, 0.136, 6989.1, 25.1],
[16.4, 38.1, 4.6, 269.7, 821.2, 1.24, 3.62, 0.293, 0.222, 6258.3, 17.1],
[15.2, 30.0, 1.0, 304.9, 785.0, 1.0, 2.29, 0.316, 0.23, 6000.0, 16.8],
[18.1, 33.4, 6.3, 280.9, 933.8, 1.99, 3.7, 0.236, 0.164, 6950.4, 25.5],
[16.4, 35.4, 3.1, 314.9, 858.5, 1.45, 2.5, 0.287, 0.23, 6328.6, 17.9],
[20.5, 35.4, 7.4, 221.6, 1008.8, 2.72, 4.44, 0.156, 0.068, 7374.5, 22.4],
[19.5, 40.3, 4.0, 206.1, 948.3, 2.5, 4.48, 0.215, 0.126, 7403.0, 22.5],
[17.7, 40.8, 4.1, 243.6, 934.9, 2.0, 3.83, 0.232, 0.169, 6880.8, 28.2],
[16.6, 30.0, 1.0, 281.4, 860.3, 1.69, 2.64, 0.284, 0.23, 6400.2, 26.9],
[18.5, 44.5, 4.0, 233.3, 920.1, 2.03, 3.65, 0.211, 0.149, 6970.1, 25.8],
[20.3, 42.2, 8.0, 185.5, 1036.4, 2.65, 3.46, 0.193, 0.107, 7510.0, 16.9],
[21.1, 41.3, 4.8, 199.0, 1083.7, 2.91, 4.02, 0.167, 0.09, 7812.5, 18.3],
[16.6, 41.1, 1.0, 312.5, 877.7, 1.54, 3.78, 0.294, 0.219, 6503.0, 18.1],
[18.8, 40.8, 6.6, 219.3, 941.1, 2.08, 3.35, 0.217, 0.123, 7071.6, 18.5],
[15.6, 37.3, 2.5, 325.0, 824.8, 1.31, 2.71, 0.312, 0.23, 6344.4, 24.6],
[17.6, 33.4, 6.1, 276.6, 879.5, 1.85, 3.23, 0.258, 0.169, 6842.5, 26.3],
[16.5, 30.0, 1.0, 282.4, 847.1, 1.28, 2.65, 0.262, 0.169, 6319.2, 23.5],
[15.3, 36.6, 2.7, 325.0, 829.5, 1.02, 3.8, 0.32, 0.23, 6222.3, 19.4],
[19.6, 32.5, 8.0, 248.6, 978.1, 2.54, 5.11, 0.214, 0.114, 7190.3, 16.5],
[18.3, 32.1, 8.0, 240.3, 956.2, 2.06, 3.55, 0.24, 0.186, 6733.9, 26.3],
[20.0, 42.7, 8.0, 229.6, 1019.6, 2.59, 4.76, 0.203, 0.128, 7438.6, 29.4],
[21.1, 39.3, 5.4, 177.3, 1037.8, 2.94, 5.78, 0.177, 0.116, 7726.7, 18.9],
[23.0, 48.0, 7.8, 158.3, 1145.0, 3.5, 4.42, 0.11, 0.06, 8250.0, 21.0],
[22.5, 36.8, 8.0, 163.0, 1138.3, 3.4, 4.81, 0.11, 0.06, 8149.1, 18.4],
[20.6, 39.0, 5.3, 215.7, 1010.6, 2.56, 5.07, 0.177, 0.095, 7710.3, 26.8],
[22.7, 42.2, 8.0, 141.1, 1103.8, 3.44, 4.85, 0.135, 0.06, 8202.8, 20.8],
[15.4, 30.0, 2.0, 290.8, 811.5, 1.28, 4.02, 0.316, 0.23, 6257.7, 28.0],
[16.6, 38.9, 4.3, 306.2, 896.8, 1.31, 4.08, 0.283, 0.185, 6436.0, 27.4],
[15.5, 32.2, 5.0, 325.0, 832.9, 1.3, 4.16, 0.29, 0.227, 6000.0, 18.8],
[16.8, 35.4, 4.7, 259.4, 839.4, 1.42, 4.36, 0.283, 0.185, 6482.1, 19.8],
[21.4, 38.0, 8.0, 161.0, 1043.4, 2.9, 4.48, 0.159, 0.115, 7684.2, 26.9],
[16.2, 33.0, 1.0, 276.5, 805.6, 1.37, 2.84, 0.291, 0.203, 6192.4, 23.8],
[19.0, 33.0, 4.0, 218.9, 964.0, 2.08, 3.89, 0.207, 0.118, 6947.8, 21.7],
[18.7, 40.9, 4.1, 249.5, 973.7, 2.3, 3.79, 0.224, 0.134, 7236.4, 28.0],
[18.0, 32.7, 4.1, 270.1, 919.4, 1.93, 4.57, 0.236, 0.144, 6806.5, 20.4],
[18.6, 41.3, 7.6, 223.5, 983.1, 2.0, 4.05, 0.229, 0.16, 7070.4, 19.1],
[19.4, 36.6, 4.1, 201.7, 988.7, 2.25, 3.66, 0.193, 0.142, 7367.8, 19.9],
[22.4, 48.0, 7.8, 140.0, 1108.0, 3.43, 5.04, 0.11, 0.06, 8219.3, 26.7],
[16.4, 37.8, 4.6, 275.7, 877.9, 1.34, 2.72, 0.263, 0.171, 6510.8, 24.5],
[21.0, 35.1, 7.3, 177.3, 1022.5, 2.87, 5.7, 0.144, 0.087, 7570.5, 19.2],
[22.3, 40.9, 8.0, 171.8, 1085.9, 3.28, 5.03, 0.132, 0.06, 8160.9, 21.4],
[21.6, 36.0, 8.0, 154.6, 1069.2, 3.07, 5.22, 0.163, 0.092, 7856.8, 16.7],
[15.3, 35.0, 1.8, 325.0, 785.0, 1.0, 2.79, 0.302, 0.23, 6174.2, 17.5],
[19.9, 35.8, 8.0, 204.5, 1029.6, 2.49, 4.94, 0.176, 0.09, 7272.9, 25.1],
[19.5, 44.5, 6.4, 194.9, 949.0, 2.54, 4.49, 0.213, 0.159, 7203.7, 16.4],
[22.7, 44.1, 5.2, 140.0, 1140.4, 3.48, 4.98, 0.132, 0.06, 8250.0, 26.0],
[17.2, 33.1, 1.0, 244.7, 901.3, 1.77, 3.94, 0.282, 0.223, 6554.7, 17.1],
[18.5, 34.2, 5.8, 264.1, 977.3, 1.97, 3.59, 0.245, 0.201, 6821.3, 18.2],
[19.8, 33.9, 2.1, 210.8, 1001.1, 2.4, 4.24, 0.2, 0.115, 7451.5, 23.8],
[22.2, 45.6, 6.1, 140.0, 1069.6, 3.13, 5.39, 0.127, 0.063, 8178.8, 28.1],
[22.3, 38.7, 6.8, 142.5, 1088.7, 3.16, 4.71, 0.126, 0.06, 7901.1, 25.9],
[19.3, 35.3, 5.4, 213.6, 986.2, 2.32, 3.48, 0.192, 0.119, 7370.3, 20.6],
[20.9, 42.1, 3.4, 207.8, 1055.8, 2.91, 5.69, 0.161, 0.101, 7463.7, 27.2],
[21.4, 34.9, 6.8, 174.8, 1042.5, 3.19, 4.46, 0.135, 0.06, 7895.5, 16.4],
[20.3, 39.8, 8.0, 182.8, 1028.9, 2.57, 5.43, 0.194, 0.095, 7394.5, 29.1],
[18.4, 35.3, 8.0, 219.5, 953.4, 2.05, 3.35, 0.235, 0.18, 6987.3, 20.8],
[21.6, 45.1, 7.8, 163.4, 1071.0, 3.18, 4.7, 0.135, 0.09, 7842.9, 22.5],
[21.7, 36.8, 8.0, 188.6, 1112.4, 3.05, 4.86, 0.136, 0.06, 7731.8, 28.6],
[20.5, 39.9, 8.0, 196.3, 1025.1, 2.58, 4.82, 0.194, 0.12, 7632.8, 16.9],
[18.3, 31.9, 3.4, 275.0, 946.4, 1.86, 3.44, 0.235, 0.171, 7061.6, 27.0],
[19.9, 37.1, 7.9, 188.0, 993.9, 2.5, 4.79, 0.198, 0.154, 7336.2, 18.5],
[16.3, 39.9, 6.0, 290.1, 817.0, 1.56, 3.59, 0.275, 0.205, 6458.2, 28.9],
[16.8, 41.2, 1.0, 308.4, 876.8, 1.61, 3.3, 0.283, 0.211, 6577.2, 21.8],
[20.9, 44.4, 8.0, 208.5, 1053.7, 2.98, 4.73, 0.16, 0.065, 7559.8, 27.4],
[18.9, 38.1, 6.4, 239.2, 946.5, 2.03, 3.43, 0.198, 0.099, 7283.2, 21.3],
[20.8, 37.6, 5.4, 209.2, 1081.7, 2.77, 5.29, 0.158, 0.06, 7441.6, 24.1],
[20.3, 41.9, 8.0, 228.7, 998.0, 2.71, 4.0, 0.173, 0.1, 7457.5, 18.2],
[16.4, 34.3, 1.0, 316.5, 814.7, 1.39, 2.41, 0.264, 0.184, 6434.7, 18.2],
[16.9, 30.0, 1.0, 309.5, 841.3, 1.49, 4.2, 0.287, 0.222, 6354.6, 16.5],
[19.6, 37.1, 8.0, 223.6, 952.9, 2.55, 4.02, 0.181, 0.106, 7252.8, 29.1],
[19.4, 35.3, 3.7, 209.5, 1015.3, 2.32, 4.33, 0.187, 0.121, 7370.4, 26.9],
[16.8, 32.0, 1.0, 309.2, 833.6, 1.54, 3.08, 0.288, 0.23, 6390.7, 26.2],
[15.4, 34.3, 1.9, 305.8, 794.6, 1.14, 2.3, 0.312, 0.224, 6216.6, 18.1],
[16.2, 32.0, 3.3, 291.8, 853.4, 1.2, 2.08, 0.284, 0.202, 6214.9, 24.7],
[17.1, 41.5, 1.0, 264.3, 857.9, 1.62, 2.95, 0.272, 0.182, 6659.9, 27.1],
[18.2, 32.4, 2.3, 242.6, 942.7, 1.91, 2.89, 0.256, 0.207, 7095.4, 29.2],
[21.4, 42.6, 6.8, 199.0, 1056.2, 2.99, 5.15, 0.148, 0.082, 7732.1, 23.6],
[21.8, 36.6, 4.3, 179.1, 1116.9, 3.15, 5.66, 0.122, 0.06, 7728.6, 28.0],
[22.9, 39.0, 8.0, 158.2, 1120.7, 3.5, 4.53, 0.11, 0.06, 8250.0, 27.4],
[17.6, 39.1, 2.8, 271.1, 916.6, 1.84, 3.58, 0.243, 0.157, 6621.8, 25.3],
[16.9, 37.7, 1.0, 264.2, 835.3, 1.45, 3.58, 0.284, 0.23, 6628.0, 20.6],
[18.8, 43.8, 6.1, 235.0, 917.1, 2.02, 3.39, 0.201, 0.123, 7039.3, 23.4],
[16.4, 32.5, 1.1, 320.5, 812.0, 1.59, 3.66, 0.286, 0.216, 6221.5, 17.2],
[19.8, 36.6, 2.5, 208.4, 972.5, 2.59, 4.04, 0.195, 0.113, 7510.1, 26.7],
[20.4, 41.9, 2.8, 187.9, 988.1, 2.6, 3.88, 0.185, 0.107, 7556.1, 16.2],
[20.8, 37.3, 5.5, 194.3, 1033.4, 2.67, 3.68, 0.181, 0.086, 7691.2, 17.4],
[18.2, 40.4, 2.0, 228.1, 889.0, 2.08, 3.66, 0.226, 0.185, 6916.1, 27.5],
[22.7, 42.6, 8.0, 140.0, 1135.4, 3.36, 5.5, 0.113, 0.06, 8003.6, 20.3],
[15.8, 30.3, 1.0, 303.1, 823.5, 1.4, 4.39, 0.302, 0.213, 6155.8, 20.1],
[18.2, 39.6, 2.7, 239.9, 899.7, 2.05, 3.13, 0.239, 0.157, 6980.2, 26.2],
[22.0, 41.0, 6.2, 170.3, 1074.9, 3.0, 4.43, 0.134, 0.06, 8108.7, 18.6],
[16.0, 41.5, 5.1, 300.6, 836.8, 1.33, 2.32, 0.276, 0.23, 6315.5, 23.3],
[16.9, 37.8, 1.0, 253.6, 870.4, 1.67, 3.03, 0.262, 0.185, 6693.5, 26.9],
[19.7, 41.9, 6.8, 224.8, 993.8, 2.34, 4.68, 0.199, 0.137, 7486.4, 16.3],
[17.5, 30.3, 1.4, 279.3, 884.0, 1.85, 3.52, 0.265, 0.198, 6668.0, 28.6],
[17.0, 30.7, 2.3, 306.9, 865.2, 1.45, 3.0, 0.268, 0.218, 6625.7, 29.5],
[18.6, 35.6, 5.4, 218.7, 977.7, 2.09, 3.74, 0.232, 0.165, 7071.8, 16.8],
[21.5, 46.7, 6.3, 202.0, 1049.6, 3.02, 5.14, 0.153, 0.089, 7763.4, 17.7],
[18.1, 32.4, 2.2, 235.8, 889.2, 1.99, 4.1, 0.254, 0.179, 6810.1, 26.8],
[19.3, 32.4, 4.8, 250.0, 970.2, 2.26, 3.38, 0.193, 0.127, 7247.6, 17.1],
[22.5, 45.1, 7.8, 171.3, 1088.9, 3.33, 5.52, 0.136, 0.06, 8020.2, 28.7],
[16.0, 40.3, 1.0, 282.5, 847.8, 1.13, 2.82, 0.294, 0.219, 6455.6, 25.1],
[18.9, 42.2, 1.3, 206.1, 999.1, 2.05, 4.64, 0.209, 0.161, 7072.8, 24.7],
[18.0, 30.8, 3.2, 279.8, 910.7, 1.82, 3.59, 0.223, 0.134, 6974.3, 23.9],
[17.8, 41.0, 3.4, 279.8, 921.5, 1.99, 4.11, 0.243, 0.146, 6803.9, 24.2],
[16.8, 37.6, 2.2, 264.5, 830.8, 1.6, 4.08, 0.274, 0.22, 6572.9, 17.1],
[18.5, 32.8, 7.0, 226.2, 933.4, 1.91, 3.59, 0.229, 0.16, 6937.5, 27.3],
[16.2, 35.3, 5.7, 271.5, 844.9, 1.4, 4.13, 0.291, 0.193, 6157.0, 17.3],
[15.4, 30.0, 1.1, 324.5, 785.0, 1.3, 3.95, 0.301, 0.23, 6000.0, 17.7],
[16.0, 35.3, 4.0, 293.4, 869.2, 1.39, 4.28, 0.279, 0.216, 6303.1, 17.0],
[15.0, 36.4, 1.0, 319.6, 785.0, 1.0, 2.0, 0.313, 0.23, 6000.0, 28.9],
[19.8, 42.0, 7.3, 207.6, 980.0, 2.34, 3.53, 0.206, 0.125, 7368.8, 22.4],
[22.4, 35.4, 8.0, 144.9, 1140.6, 3.5, 4.83, 0.141, 0.06, 7971.1, 21.4],
[18.3, 44.0, 6.9, 266.6, 920.2, 2.12, 3.84, 0.237, 0.147, 7049.8, 27.7],
[15.5, 37.2, 4.4, 308.4, 811.4, 1.12, 3.06, 0.32, 0.23, 6210.8, 21.3],
[16.1, 30.3, 1.0, 322.3, 867.1, 1.54, 2.8, 0.285, 0.205, 6302.9, 21.6],
[17.9, 38.2, 3.3, 237.6, 913.2, 1.93, 3.98, 0.232, 0.147, 6625.7, 20.8],
[21.2, 41.1, 8.0, 193.3, 1069.4, 3.06, 5.48, 0.162, 0.093, 7597.0, 19.5],
[18.4, 38.8, 4.3, 233.7, 898.5, 2.06, 3.49, 0.24, 0.199, 6990.2, 28.7],
[20.5, 33.3, 8.0, 175.7, 1000.1, 2.91, 5.93, 0.164, 0.075, 7741.8, 22.9],
[17.0, 40.5, 5.3, 295.7, 888.0, 1.88, 3.24, 0.282, 0.211, 6428.3, 18.2],
[19.0, 39.2, 7.5, 198.5, 962.1, 2.39, 5.39, 0.221, 0.126, 7307.3, 18.9],
[21.9, 44.1, 8.0, 186.2, 1132.0, 3.04, 5.1, 0.117, 0.06, 7809.6, 26.3],
[16.4, 32.8, 6.3, 259.9, 847.7, 1.42, 2.53, 0.271, 0.23, 6334.3, 23.8],
[18.4, 42.1, 3.5, 230.0, 969.1, 2.06, 4.68, 0.234, 0.168, 6904.3, 16.3],
[18.8, 39.5, 1.2, 232.6, 954.6, 2.2, 3.98, 0.224, 0.18, 7062.9, 24.2],
[21.0, 39.0, 8.0, 151.7, 1080.6, 2.62, 4.6, 0.153, 0.063, 7912.7, 20.3],
[22.2, 38.9, 5.7, 179.4, 1124.5, 3.09, 4.22, 0.127, 0.078, 8211.6, 18.4],
[15.2, 35.0, 1.8, 325.0, 785.0, 1.0, 3.34, 0.32, 0.23, 6150.3, 18.0],
[20.9, 37.0, 8.0, 169.7, 1037.6, 2.74, 5.01, 0.167, 0.082, 7556.9, 29.0],
[19.3, 40.8, 3.8, 201.2, 943.0, 2.32, 4.37, 0.196, 0.145, 7211.3, 24.9],
[16.8, 31.9, 1.0, 299.1, 819.4, 1.85, 2.67, 0.261, 0.166, 6296.4, 27.5],
[16.2, 30.7, 1.0, 324.9, 835.1, 1.1, 2.66, 0.264, 0.203, 6417.2, 19.6],
[20.2, 45.2, 6.5, 184.2, 1061.3, 2.89, 4.01, 0.203, 0.145, 7276.6, 17.6],
[21.1, 34.3, 5.0, 165.7, 1051.4, 2.69, 5.06, 0.158, 0.094, 7868.0, 22.2],
[20.5, 43.4, 5.6, 230.1, 1037.6, 2.55, 4.65, 0.163, 0.118, 7675.1, 19.6],
[17.5, 43.3, 4.3, 263.1, 939.6, 1.96, 4.82, 0.253, 0.2, 6485.9, 17.1],
[16.1, 31.9, 1.0, 280.6, 826.7, 1.32, 2.86, 0.275, 0.219, 6485.6, 29.4],
[18.0, 36.5, 5.3, 246.2, 938.7, 2.08, 3.64, 0.224, 0.142, 6813.4, 28.4],
[18.3, 30.7, 2.5, 282.7, 930.1, 2.3, 3.49, 0.219, 0.159, 6881.1, 28.1],
[22.8, 41.9, 7.2, 153.6, 1145.0, 3.2, 5.35, 0.131, 0.06, 8250.0, 29.2],
[15.2, 30.0, 4.0, 325.0, 787.1, 1.0, 2.47, 0.309, 0.23, 6184.1, 22.6],
[21.6, 41.2, 8.0, 193.8, 1050.6, 3.3, 5.72, 0.169, 0.116, 7722.6, 22.2],
[16.2, 30.0, 3.4, 314.8, 877.9, 1.21, 4.28, 0.267, 0.222, 6440.2, 16.9],
[22.8, 38.6, 8.0, 163.4, 1128.2, 3.5, 5.48, 0.11, 0.06, 7993.4, 18.4],
[17.2, 30.3, 1.0, 286.3, 878.4, 1.93, 4.2, 0.271, 0.188, 6588.5, 20.0],
[22.1, 39.3, 8.0, 145.2, 1109.9, 3.24, 5.08, 0.126, 0.06, 7937.9, 26.5],
[16.2, 38.3, 4.5, 325.0, 827.5, 1.27, 4.23, 0.266, 0.167, 6551.8, 25.0],
[19.6, 38.9, 8.0, 190.0, 1011.1, 2.71, 4.73, 0.174, 0.084, 7459.0, 20.5],
[20.4, 34.4, 8.0, 214.9, 1029.0, 2.74, 4.8, 0.2, 0.113, 7718.3, 19.9],
[22.8, 46.3, 8.0, 140.0, 1105.2, 3.34, 4.67, 0.11, 0.06, 8075.0, 22.2],
[21.3, 37.8, 8.0, 202.7, 1067.5, 2.82, 5.85, 0.166, 0.101, 7695.4, 17.0],
[17.3, 39.3, 6.7, 263.2, 897.7, 1.86, 4.44, 0.249, 0.189, 6475.5, 25.8],
[17.1, 35.8, 1.0, 241.9, 915.2, 1.8, 4.15, 0.26, 0.183, 6814.9, 17.3],
[15.5, 32.3, 4.7, 325.0, 836.2, 1.0, 2.7, 0.303, 0.206, 6055.2, 22.5],
[19.2, 42.1, 2.3, 239.8, 960.3, 2.15, 3.91, 0.214, 0.128, 7411.0, 27.8],
[21.3, 45.9, 5.7, 210.5, 1069.9, 2.72, 5.27, 0.177, 0.135, 7832.9, 20.1],
[18.2, 43.1, 5.5, 259.8, 921.3, 2.26, 3.94, 0.216, 0.151, 6852.6, 28.0],
[17.7, 33.8, 4.4, 275.9, 898.7, 1.86, 4.36, 0.225, 0.177, 6871.9, 28.2],
[21.9, 43.8, 4.0, 190.1, 1114.9, 3.24, 6.09, 0.158, 0.102, 8117.6, 23.9],
[15.0, 30.0, 1.0, 314.0, 819.3, 1.06, 4.23, 0.32, 0.23, 6168.9, 25.0],
[16.8, 36.0, 5.5, 274.5, 890.5, 1.53, 3.92, 0.293, 0.211, 6302.3, 21.6],
[17.5, 36.2, 1.0, 256.2, 921.6, 1.76, 4.57, 0.241, 0.17, 6769.0, 21.1],
[19.5, 35.7, 1.6, 234.0, 1000.4, 2.67, 4.53, 0.226, 0.181, 7509.7, 25.7],
[19.6, 36.6, 8.0, 252.4, 965.5, 2.67, 3.61, 0.214, 0.122, 7166.2, 29.2],
[18.0, 32.2, 4.6, 288.7, 881.3, 2.05, 3.18, 0.251, 0.202, 7065.6, 28.3],
[22.9, 47.2, 8.0, 140.0, 1121.9, 3.46, 4.83, 0.136, 0.071, 8139.9, 28.6],
[17.8, 35.7, 2.8, 276.4, 903.6, 1.71, 4.0, 0.23, 0.153, 6858.8, 24.6],
[17.8, 35.3, 5.7, 280.5, 932.6, 1.99, 5.12, 0.266, 0.2, 6916.5, 24.7],
[19.3, 33.3, 5.4, 205.7, 1009.3, 2.49, 3.72, 0.187, 0.14, 7351.2, 28.7],
[17.3, 30.8, 1.6, 273.4, 899.1, 1.72, 4.46, 0.264, 0.176, 6725.8, 25.2],
[20.9, 41.0, 8.0, 181.3, 1002.7, 2.57, 4.49, 0.18, 0.098, 7601.8, 22.5],
[21.7, 44.7, 6.8, 194.5, 1134.4, 3.17, 6.3, 0.123, 0.06, 7682.4, 19.0],
[17.7, 31.3, 2.0, 252.0, 873.4, 1.67, 2.53, 0.272, 0.175, 6636.6, 25.4],
[15.4, 32.3, 1.0, 296.7, 786.9, 1.0, 2.16, 0.285, 0.225, 6075.4, 21.7],
[17.3, 36.7, 7.1, 265.2, 899.8, 1.88, 5.06, 0.257, 0.161, 6855.1, 17.9],
[19.0, 34.1, 2.7, 249.0, 1012.3, 1.99, 3.83, 0.208, 0.129, 7140.4, 23.7],
[16.1, 41.3, 3.5, 292.1, 807.4, 1.23, 2.94, 0.279, 0.212, 6475.9, 27.4],
[19.9, 39.6, 5.1, 212.0, 962.6, 2.29, 4.24, 0.17, 0.122, 7441.0, 28.8],
[15.3, 35.7, 1.7, 285.8, 826.5, 1.22, 4.26, 0.32, 0.23, 6014.4, 23.8],
[20.0, 33.6, 8.0, 190.9, 1021.0, 2.59, 4.16, 0.203, 0.121, 7225.9, 26.7],
[17.5, 36.0, 6.0, 260.4, 870.5, 1.92, 4.13, 0.273, 0.224, 6740.5, 22.4],
[18.8, 41.4, 5.5, 250.8, 933.9, 1.96, 4.66, 0.222, 0.167, 7044.6, 24.5],
[17.0, 31.5, 1.0, 256.7, 858.4, 1.56, 4.43, 0.256, 0.203, 6375.8, 26.3],
[19.5, 32.8, 5.9, 255.1, 1029.8, 2.44, 3.8, 0.206, 0.135, 7500.6, 16.2],
[17.5, 35.1, 1.7, 284.6, 920.9, 1.82, 3.94, 0.244, 0.152, 6666.6, 20.8],
[21.4, 43.5, 8.0, 143.7, 1023.8, 3.21, 4.37, 0.157, 0.082, 7662.7, 22.0],
[18.4, 37.4, 1.5, 275.5, 896.7, 2.02, 3.53, 0.245, 0.184, 6948.8, 25.5],
[20.1, 42.5, 6.7, 210.0, 991.7, 2.76, 5.64, 0.176, 0.106, 7236.7, 17.5],
[16.2, 37.0, 1.0, 271.3, 888.7, 1.29, 4.23, 0.313, 0.223, 6277.7, 16.3],
[19.1, 37.9, 8.0, 256.0, 934.1, 2.36, 3.79, 0.208, 0.14, 7197.0, 23.0],
[17.9, 30.5, 6.9, 266.6, 926.1, 2.01, 3.0, 0.231, 0.177, 6972.9, 26.3],
[21.0, 46.6, 3.7, 196.3, 1055.9, 3.07, 5.19, 0.176, 0.125, 7694.0, 22.5],
[18.9, 38.2, 4.0, 242.2, 1005.8, 2.05, 3.2, 0.229, 0.174, 6987.1, 18.4],
[18.8, 36.5, 1.0, 249.4, 964.5, 2.23, 3.71, 0.24, 0.193, 7186.5, 17.7],
[19.0, 34.0, 4.6, 211.2, 965.3, 1.97, 3.36, 0.227, 0.156, 7122.6, 24.6],
[19.2, 34.9, 2.1, 214.8, 925.8, 2.13, 3.91, 0.185, 0.112, 7407.9, 23.6],
[16.7, 30.0, 2.4, 298.7, 875.7, 1.57, 3.25, 0.27, 0.178, 6252.3, 20.0],
[17.3, 43.0, 3.3, 249.5, 923.3, 1.64, 3.36, 0.251, 0.202, 6620.2, 23.4],
[18.6, 35.9, 6.8, 266.9, 983.3, 2.16, 4.66, 0.246, 0.196, 6826.2, 18.7],
[19.7, 32.7, 3.8, 184.8, 949.1, 2.75, 4.4, 0.2, 0.131, 7395.5, 28.7],
[19.5, 36.0, 8.0, 231.1, 979.6, 2.68, 4.88, 0.209, 0.131, 7287.1, 21.2],
[18.7, 40.3, 6.8, 217.2, 991.4, 2.27, 5.16, 0.216, 0.141, 7092.8, 28.1],
[22.0, 37.6, 4.3, 154.2, 1111.0, 3.48, 5.26, 0.143, 0.06, 8033.4, 24.9],
[21.3, 44.3, 3.7, 189.7, 1043.6, 2.71, 3.7, 0.178, 0.089, 7818.6, 28.1],
[22.0, 39.0, 5.5, 142.1, 1145.0, 3.08, 4.55, 0.12, 0.06, 8169.4, 23.5],
[15.3, 30.0, 1.2, 325.0, 806.8, 1.24, 4.05, 0.294, 0.228, 6000.0, 21.7],
[21.9, 44.9, 8.0, 180.3, 1116.8, 3.15, 4.2, 0.16, 0.086, 7779.8, 25.1],
[21.2, 34.8, 7.8, 213.1, 1072.7, 3.11, 4.27, 0.146, 0.06, 7534.1, 28.1],
[15.5, 35.8, 5.4, 325.0, 811.0, 1.18, 2.91, 0.317, 0.23, 6191.5, 22.2],
[16.5, 36.6, 1.0, 276.2, 848.5, 1.2, 2.2, 0.266, 0.188, 6308.1, 28.8],
[18.3, 39.0, 3.8, 248.5, 923.5, 2.0, 5.19, 0.213, 0.115, 6804.8, 26.8],
[16.8, 34.3, 1.1, 313.1, 859.6, 1.63, 3.26, 0.258, 0.162, 6725.8, 29.2],
[22.8, 47.4, 8.0, 140.0, 1125.2, 3.31, 4.87, 0.129, 0.06, 8228.7, 25.6],
[17.2, 41.7, 3.0, 285.5, 920.4, 1.58, 2.83, 0.265, 0.176, 6797.9, 16.7],
[21.3, 37.2, 8.0, 165.1, 1030.7, 2.89, 4.85, 0.176, 0.084, 7898.0, 17.3],
[18.6, 35.2, 1.0, 270.8, 988.4, 2.33, 4.93, 0.236, 0.164, 7053.6, 22.5],
[19.0, 33.3, 7.1, 213.9, 949.1, 2.23, 4.09, 0.236, 0.186, 7091.4, 19.4],
[22.8, 41.9, 8.0, 176.9, 1145.0, 3.44, 5.12, 0.129, 0.064, 8250.0, 18.7],
[15.2, 31.6, 1.0, 325.0, 785.0, 1.25, 3.5, 0.313, 0.218, 6081.0, 23.5],
[15.3, 36.0, 1.0, 323.9, 829.1, 1.15, 3.63, 0.301, 0.23, 6117.0, 25.9],
[19.4, 33.9, 2.9, 200.6, 974.5, 2.59, 3.88, 0.195, 0.098, 7236.0, 19.6],
[15.0, 34.1, 1.0, 307.9, 795.6, 1.0, 2.0, 0.32, 0.23, 6238.7, 24.7],
[18.9, 37.0, 8.0, 250.3, 1007.2, 2.25, 4.41, 0.203, 0.151, 6856.8, 25.6],
[21.3, 41.8, 8.0, 150.8, 1052.3, 3.07, 5.82, 0.162, 0.117, 7729.8, 17.5],
[18.1, 42.7, 1.5, 262.6, 895.6, 1.73, 4.57, 0.239, 0.194, 7061.0, 23.3],
[22.5, 35.0, 8.0, 140.0, 1084.2, 3.15, 5.27, 0.114, 0.06, 7918.9, 29.1],
[19.1, 35.7, 5.0, 242.6, 963.4, 2.3, 4.32, 0.22, 0.163, 7286.8, 21.9],
[21.8, 38.8, 8.0, 151.9, 1049.4, 3.22, 4.6, 0.136, 0.078, 7792.1, 28.4],
[22.8, 45.4, 5.5, 140.0, 1086.9, 3.34, 4.58, 0.11, 0.06, 8035.3, 20.9],
[15.3, 37.1, 1.4, 291.9, 785.0, 1.0, 4.14, 0.302, 0.23, 6270.1, 23.4],
[19.6, 37.0, 4.3, 204.9, 1001.2, 2.29, 4.11, 0.186, 0.091, 7287.2, 24.1],
[19.8, 44.1, 5.8, 245.9, 1031.3, 2.73, 4.94, 0.184, 0.134, 7438.2, 16.6],
[19.7, 37.7, 8.0, 242.5, 974.1, 2.24, 3.7, 0.194, 0.12, 7546.8, 20.8],
[21.6, 44.6, 8.0, 183.4, 1099.5, 2.88, 5.92, 0.125, 0.081, 7883.0, 20.2],
[19.4, 35.6, 2.3, 220.1, 944.3, 2.24, 3.43, 0.229, 0.143, 7106.9, 18.8],
[20.7, 43.7, 6.7, 222.8, 1034.8, 2.84, 3.79, 0.172, 0.118, 7414.0, 20.9],
[19.8, 43.6, 7.1, 215.1, 1017.8, 2.21, 4.37, 0.199, 0.152, 7322.9, 21.9],
[21.0, 37.4, 8.0, 155.5, 1029.7, 2.97, 4.53, 0.167, 0.105, 7732.3, 24.8],
[18.2, 42.6, 8.0, 225.1, 934.5, 1.8, 3.31, 0.223, 0.134, 6778.2, 22.1],
[21.9, 40.5, 4.9, 173.4, 1126.1, 3.09, 5.21, 0.115, 0.06, 7701.2, 26.1],
[22.9, 48.0, 7.9, 162.3, 1113.6, 3.45, 6.03, 0.11, 0.06, 8058.2, 19.5],
[15.9, 30.8, 1.0, 325.0, 830.1, 1.54, 3.22, 0.307, 0.23, 6259.0, 18.0],
[21.1, 36.8, 7.3, 217.0, 1056.5, 3.15, 5.98, 0.16, 0.112, 7558.2, 21.7],
[18.5, 41.3, 2.5, 214.7, 929.2, 1.82, 3.17, 0.251, 0.195, 6789.0, 25.2],
[15.8, 40.6, 1.0, 319.9, 826.3, 1.17, 2.04, 0.288, 0.23, 6360.6, 21.8],
[20.4, 44.1, 8.0, 226.3, 990.5, 2.7, 5.37, 0.19, 0.11, 7551.3, 19.0],
[16.9, 30.0, 3.3, 264.6, 844.6, 1.68, 2.86, 0.257, 0.172, 6482.9, 26.4],
[16.4, 33.8, 1.4, 298.4, 827.6, 1.73, 3.47, 0.29, 0.23, 6230.5, 16.2],
[16.9, 31.7, 1.0, 258.5, 857.6, 1.85, 3.57, 0.253, 0.16, 6365.7, 28.7],
[22.6, 37.5, 8.0, 161.9, 1111.2, 3.16, 5.15, 0.11, 0.06, 8197.0, 29.2],
[15.5, 30.0, 1.8, 325.0, 785.0, 1.2, 2.8, 0.305, 0.23, 6314.3, 21.7],
[15.2, 35.8, 3.1, 325.0, 785.0, 1.01, 3.35, 0.306, 0.23, 6001.3, 25.2],
[22.4, 47.4, 8.0, 157.2, 1112.7, 3.15, 5.57, 0.143, 0.061, 7952.2, 27.7],
[20.9, 38.4, 6.0, 204.2, 1073.4, 2.77, 3.84, 0.173, 0.1, 7698.7, 27.2],
[21.9, 42.4, 5.9, 178.3, 1096.0, 3.21, 5.32, 0.139, 0.077, 8044.0, 17.1],
[18.7, 38.3, 2.0, 233.1, 946.9, 2.16, 5.08, 0.233, 0.163, 6926.1, 29.2],
[18.0, 35.0, 5.1, 232.1, 920.4, 1.73, 3.16, 0.254, 0.205, 6618.2, 28.1],
[16.3, 30.0, 1.7, 294.6, 820.4, 1.15, 3.87, 0.293, 0.23, 6260.3, 27.2],
[22.2, 41.7, 8.0, 140.0, 1071.2, 3.46, 6.03, 0.119, 0.06, 7845.8, 17.5],
[15.2, 34.3, 1.0, 289.7, 785.0, 1.11, 2.94, 0.292, 0.23, 6110.0, 18.8],
[20.1, 38.7, 4.8, 208.2, 966.2, 2.89, 5.28, 0.162, 0.102, 7286.3, 23.1],
[19.2, 36.3, 3.6, 253.1, 952.3, 2.07, 5.26, 0.227, 0.17, 7231.9, 17.1],
[22.7, 38.8, 8.0, 140.0, 1104.8, 3.5, 4.93, 0.114, 0.06, 8250.0, 29.1],
[22.2, 41.5, 6.6, 140.9, 1113.8, 3.06, 4.14, 0.11, 0.06, 7928.7, 28.6],
[20.7, 41.1, 8.0, 185.5, 1072.9, 2.81, 5.24, 0.172, 0.077, 7585.5, 26.5],
[20.3, 42.9, 7.2, 191.2, 1014.5, 2.39, 3.35, 0.199, 0.116, 7676.4, 22.4],
[17.7, 32.4, 7.6, 228.4, 939.0, 1.56, 2.66, 0.272, 0.226, 6565.9, 27.7],
[21.9, 42.8, 7.7, 140.0, 1050.0, 2.93, 5.75, 0.142, 0.06, 8002.2, 19.1],
[19.8, 32.9, 7.6, 230.5, 982.7, 2.43, 3.98, 0.204, 0.104, 7506.7, 16.4],
[17.8, 39.4, 4.0, 232.9, 953.9, 1.65, 3.92, 0.269, 0.216, 6606.6, 19.1],
[21.3, 44.3, 3.6, 212.8, 1044.2, 2.82, 5.68, 0.142, 0.06, 7808.6, 23.0],
[21.8, 41.7, 5.6, 191.9, 1066.4, 3.38, 5.15, 0.137, 0.06, 7864.5, 19.3],
[20.3, 43.5, 8.0, 169.2, 1007.9, 2.73, 4.12, 0.162, 0.118, 7708.7, 18.4],
[16.2, 32.8, 1.2, 325.0, 887.0, 1.52, 3.85, 0.285, 0.207, 6165.2, 17.9],
[18.5, 33.4, 7.4, 252.5, 921.8, 2.08, 4.07, 0.212, 0.172, 6844.6, 22.3],
[18.1, 39.4, 2.4, 282.0, 900.3, 2.18, 4.04, 0.223, 0.149, 6922.6, 17.4],
[17.7, 35.5, 5.3, 276.2, 870.3, 1.83, 2.65, 0.239, 0.141, 6554.9, 26.4],
[18.8, 34.2, 3.7, 256.2, 920.1, 2.4, 3.79, 0.234, 0.191, 6955.4, 23.5],
[21.9, 44.7, 8.0, 181.2, 1099.4, 2.92, 3.92, 0.129, 0.066, 8121.0, 25.2],
[20.8, 46.6, 8.0, 159.6, 999.8, 2.95, 6.05, 0.143, 0.08, 7840.7, 19.2],
[18.9, 37.3, 3.5, 254.2, 992.9, 2.35, 3.5, 0.193, 0.094, 7259.5, 26.1],
[21.5, 39.9, 8.0, 199.5, 1081.3, 3.31, 4.59, 0.144, 0.06, 7686.9, 25.7],
[21.7, 40.8, 8.0, 189.0, 1126.4, 2.81, 5.29, 0.143, 0.068, 8063.5, 16.8],
[16.1, 35.4, 2.3, 286.4, 818.5, 1.27, 2.76, 0.279, 0.204, 6324.8, 28.6],
[15.0, 31.0, 2.7, 325.0, 786.8, 1.2, 2.98, 0.32, 0.23, 6238.5, 17.8],
[21.0, 33.9, 6.0, 158.8, 1011.2, 2.94, 5.77, 0.144, 0.06, 7592.5, 18.1],
[22.3, 40.7, 6.8, 164.1, 1120.7, 3.09, 4.9, 0.143, 0.087, 7844.3, 25.2],
[21.0, 44.6, 6.1, 172.1, 1022.4, 2.76, 3.56, 0.15, 0.081, 7854.8, 19.5],
[15.9, 32.2, 1.0, 325.0, 785.0, 1.45, 3.36, 0.294, 0.223, 6382.2, 28.4],
[16.0, 31.6, 1.0, 267.3, 849.2, 1.29, 3.17, 0.306, 0.23, 6099.9, 24.8],
[21.3, 46.6, 8.0, 192.5, 1095.5, 2.94, 5.99, 0.168, 0.12, 7800.2, 22.3],
[16.9, 30.8, 2.6, 310.2, 896.8, 1.38, 4.21, 0.256, 0.167, 6746.8, 22.2],
[20.6, 39.3, 7.2, 193.8, 1020.7, 2.67, 3.92, 0.18, 0.081, 7406.8, 21.3],
[17.3, 40.1, 4.4, 237.1, 869.8, 1.7, 2.88, 0.243, 0.194, 6824.7, 18.5],
[19.1, 36.1, 1.2, 245.2, 967.6, 2.53, 3.92, 0.189, 0.133, 7175.9, 29.1],
[18.1, 38.8, 3.8, 266.6, 919.8, 1.83, 3.91, 0.234, 0.192, 7098.0, 29.2],
[16.3, 41.1, 1.0, 314.7, 862.6, 1.5, 3.71, 0.271, 0.172, 6555.8, 16.3],
[22.8, 42.6, 6.7, 168.4, 1113.7, 3.21, 5.26, 0.118, 0.062, 8171.7, 17.5],
[21.4, 46.7, 8.0, 164.8, 1062.4, 2.8, 5.95, 0.138, 0.06, 7733.7, 25.4],
[15.7, 31.8, 1.0, 286.9, 806.3, 1.51, 3.75, 0.282, 0.23, 6120.7, 28.8],
[22.7, 37.9, 8.0, 164.5, 1145.0, 3.24, 5.18, 0.117, 0.06, 8106.9, 20.4],
[18.4, 33.5, 5.1, 264.6, 928.9, 1.82, 2.94, 0.234, 0.173, 7005.8, 17.9],
[17.8, 43.0, 7.4, 280.2, 945.2, 1.9, 4.58, 0.254, 0.206, 6798.1, 18.1],
[15.5, 30.7, 1.0, 301.6, 785.0, 1.08, 2.34, 0.29, 0.228, 6000.0, 25.4],
[19.9, 41.2, 3.8, 193.6, 1038.6, 2.43, 4.04, 0.206, 0.124, 7507.3, 24.6],
[18.0, 37.5, 3.9, 233.3, 944.4, 2.06, 3.78, 0.263, 0.2, 6665.6, 29.5],
[21.1, 41.2, 6.2, 170.8, 1068.5, 3.13, 4.47, 0.143, 0.06, 7806.4, 18.8],
[20.4, 42.5, 8.0, 186.5, 993.1, 2.72, 5.08, 0.181, 0.124, 7514.4, 20.5],
[17.7, 35.9, 4.4, 250.7, 898.1, 1.59, 2.92, 0.274, 0.196, 6744.1, 16.3],
[16.4, 30.0, 4.1, 302.6, 853.9, 1.15, 3.39, 0.259, 0.209, 6227.1, 27.6],
[16.7, 40.8, 2.1, 297.7, 866.6, 1.61, 2.59, 0.271, 0.215, 6594.1, 17.0],
[21.2, 34.2, 8.0, 182.8, 1104.8, 3.1, 4.01, 0.174, 0.09, 7593.1, 25.3],
[19.6, 37.8, 3.0, 203.0, 950.7, 2.69, 5.61, 0.217, 0.156, 7415.5, 17.5],
[22.8, 41.7, 6.6, 155.8, 1113.9, 3.19, 5.58, 0.11, 0.06, 8202.1, 18.7],
[22.9, 46.5, 8.0, 175.4, 1122.3, 3.5, 4.44, 0.119, 0.06, 8041.0, 24.8],
[17.0, 35.1, 2.7, 268.0, 893.3, 1.4, 3.13, 0.261, 0.19, 6484.8, 23.7],
[22.2, 45.9, 5.0, 161.4, 1070.0, 3.41, 5.45, 0.134, 0.092, 8085.9, 17.9],
[20.4, 35.5, 8.0, 176.8, 1025.9, 2.59, 4.84, 0.171, 0.084, 7646.7, 23.2],
[20.8, 40.1, 8.0, 162.1, 1019.4, 3.06, 5.29, 0.164, 0.068, 7415.9, 22.4],
[16.7, 30.0, 6.4, 294.8, 868.1, 1.76, 3.67, 0.293, 0.205, 6459.8, 23.4],
[17.7, 40.5, 3.0, 274.3, 921.8, 1.73, 4.53, 0.26, 0.209, 6824.2, 25.7],
[17.1, 30.3, 7.1, 293.1, 911.2, 1.79, 2.86, 0.272, 0.2, 6759.7, 20.6],
[15.1, 31.0, 1.0, 325.0, 790.8, 1.25, 2.52, 0.317, 0.23, 6047.6, 28.3],
[16.7, 35.0, 4.1, 309.4, 881.1, 1.52, 2.65, 0.278, 0.216, 6389.7, 19.4],
[16.8, 37.5, 2.7, 269.3, 903.7, 1.4, 3.44, 0.29, 0.215, 6745.6, 29.4],
[15.6, 30.8, 2.9, 302.7, 861.9, 1.05, 2.46, 0.32, 0.23, 6170.6, 28.3],
[15.5, 38.0, 1.4, 283.1, 837.3, 1.4, 2.35, 0.315, 0.23, 6000.0, 23.2],
[15.1, 30.0, 1.0, 313.6, 834.2, 1.13, 3.27, 0.303, 0.23, 6092.2, 23.0],
[22.4, 38.5, 7.4, 152.3, 1085.6, 3.5, 5.19, 0.113, 0.06, 8141.1, 22.0],
[21.4, 37.4, 7.7, 193.2, 1030.3, 3.08, 4.29, 0.169, 0.108, 7830.6, 21.7],
[22.8, 42.3, 8.0, 150.8, 1140.4, 3.47, 5.4, 0.129, 0.084, 8188.0, 25.1],
[20.7, 34.8, 5.5, 181.1, 1071.3, 2.6, 5.76, 0.183, 0.128, 7672.8, 18.6],
[18.7, 35.5, 3.6, 262.7, 922.3, 2.12, 3.84, 0.242, 0.172, 6928.2, 29.5],
[18.2, 33.2, 1.5, 245.3, 933.5, 1.8, 3.49, 0.241, 0.19, 6959.9, 27.5],
[18.0, 33.0, 7.6, 231.4, 949.6, 1.8, 2.82, 0.255, 0.168, 6792.4, 20.3],
[15.2, 33.9, 4.8, 325.0, 785.0, 1.28, 3.96, 0.307, 0.216, 6070.5, 28.1],
[21.4, 36.5, 4.0, 166.1, 1093.9, 2.87, 4.52, 0.128, 0.06, 7681.2, 17.3],
[15.2, 31.1, 1.0, 325.0, 802.0, 1.0, 2.0, 0.318, 0.23, 6031.2, 27.4],
[15.4, 30.0, 1.0, 280.9, 801.4, 1.0, 3.55, 0.291, 0.202, 6149.5, 28.1],
[16.1, 31.7, 1.6, 279.4, 831.9, 1.19, 2.99, 0.3, 0.23, 6513.1, 25.0],
[17.5, 40.0, 5.2, 300.6, 856.0, 1.74, 3.21, 0.262, 0.172, 6935.2, 21.8],
[20.0, 45.0, 5.7, 183.2, 1038.9, 2.86, 3.66, 0.193, 0.105, 7494.5, 27.4],
[20.5, 36.6, 6.7, 225.5, 999.0, 2.47, 3.88, 0.187, 0.144, 7687.1, 29.1],
[16.9, 40.5, 2.4, 264.2, 893.1, 1.47, 4.34, 0.268, 0.188, 6679.5, 18.8],
[15.4, 36.0, 2.1, 288.1, 785.0, 1.2, 3.23, 0.292, 0.222, 6253.3, 27.0],
[22.9, 38.8, 8.0, 149.8, 1104.6, 3.46, 4.93, 0.115, 0.06, 8250.0, 26.5],
[18.9, 41.5, 2.8, 235.3, 945.1, 2.15, 4.08, 0.227, 0.151, 7225.1, 29.3],
[19.7, 45.3, 2.8, 234.7, 1028.1, 2.21, 3.55, 0.21, 0.134, 7172.6, 26.2],
[18.5, 34.7, 1.0, 256.1, 910.1, 1.92, 4.55, 0.204, 0.115, 6742.0, 21.9],
[21.9, 39.9, 8.0, 161.9, 1073.9, 3.3, 4.72, 0.152, 0.06, 7722.7, 16.2],
[21.0, 43.7, 8.0, 174.3, 1026.4, 2.67, 4.21, 0.141, 0.076, 7820.6, 25.4],
[17.7, 34.5, 1.0, 274.3, 888.0, 1.74, 2.77, 0.244, 0.196, 6575.0, 17.3],
[16.3, 33.0, 5.2, 289.6, 845.4, 1.46, 2.38, 0.265, 0.199, 6164.5, 16.9],
[23.0, 39.3, 8.0, 157.3, 1140.6, 3.5, 4.66, 0.11, 0.06, 8250.0, 28.9],
[22.7, 34.8, 6.7, 140.0, 1123.7, 3.38, 4.85, 0.126, 0.072, 8178.7, 20.7],
[19.9, 39.8, 8.0, 216.7, 971.6, 2.48, 4.77, 0.206, 0.12, 7578.3, 25.3],
[17.5, 35.5, 4.1, 258.5, 892.1, 1.94, 4.0, 0.279, 0.187, 6737.7, 18.7],
[18.1, 32.1, 6.3, 272.8, 967.1, 2.1, 3.15, 0.24, 0.148, 6713.9, 19.4],
[22.4, 45.8, 5.9, 155.5, 1128.2, 3.5, 6.01, 0.12, 0.06, 8250.0, 25.6],
[19.2, 33.0, 8.0, 196.5, 933.4, 2.23, 4.11, 0.189, 0.135, 7157.4, 27.6],
[20.9, 46.4, 6.4, 175.1, 1078.8, 2.96, 5.45, 0.168, 0.122, 7529.8, 28.9],
[16.3, 34.7, 5.6, 298.4, 839.9, 1.27, 3.14, 0.272, 0.218, 6603.5, 26.8],
[16.8, 30.0, 5.5, 250.3, 834.7, 1.45, 4.05, 0.276, 0.23, 6720.4, 25.8],
[19.1, 39.2, 4.1, 237.6, 1005.3, 2.4, 4.86, 0.22, 0.137, 7009.9, 26.2],
[18.5, 40.5, 1.0, 271.8, 982.3, 2.1, 3.18, 0.207, 0.109, 7028.3, 23.2],
[20.3, 38.6, 5.7, 221.1, 1040.0, 2.48, 5.06, 0.197, 0.129, 7453.4, 22.5],
[16.8, 37.4, 1.0, 280.7, 871.0, 1.41, 3.47, 0.252, 0.182, 6327.8, 17.3],
[18.7, 44.5, 5.3, 208.9, 906.6, 2.36, 4.99, 0.236, 0.193, 7274.8, 19.3],
[19.1, 32.5, 8.0, 250.6, 932.5, 2.42, 3.28, 0.189, 0.117, 7322.1, 28.3],
[23.0, 35.6, 5.8, 173.0, 1145.0, 3.5, 5.94, 0.11, 0.06, 8250.0, 29.1],
[21.1, 43.7, 8.0, 162.6, 1078.1, 3.08, 6.12, 0.179, 0.129, 7605.3, 17.8],
[17.8, 33.5, 1.8, 225.4, 873.1, 1.75, 4.78, 0.238, 0.166, 6921.1, 21.6],
[20.5, 44.4, 5.7, 172.9, 1074.8, 2.71, 4.64, 0.171, 0.119, 7453.7, 25.9],
[20.2, 32.5, 8.0, 170.8, 992.1, 2.64, 5.11, 0.165, 0.066, 7238.3, 26.8],
[21.9, 40.6, 5.6, 191.6, 1140.7, 3.21, 4.9, 0.114, 0.06, 7806.0, 26.5],
[20.0, 45.5, 6.3, 205.8, 974.6, 2.36, 5.39, 0.19, 0.15, 7420.2, 28.4],
[20.9, 39.4, 6.0, 218.0, 1033.3, 2.7, 5.11, 0.149, 0.093, 7683.1, 19.2],
[16.3, 34.5, 5.8, 321.5, 870.8, 1.28, 3.13, 0.277, 0.225, 6193.4, 18.5],
[15.8, 35.4, 4.1, 286.8, 853.6, 1.09, 2.26, 0.291, 0.194, 6002.2, 16.3],
[21.9, 46.1, 8.0, 140.0, 1079.6, 3.32, 5.4, 0.134, 0.06, 7988.9, 22.5],
[21.3, 35.0, 8.0, 171.9, 1055.8, 2.99, 6.06, 0.151, 0.111, 7820.1, 18.1],
[22.3, 42.6, 7.3, 164.5, 1145.0, 3.08, 4.84, 0.125, 0.066, 7804.7, 19.6],
[19.9, 37.6, 3.3, 227.7, 1053.0, 2.59, 5.21, 0.176, 0.133, 7251.5, 20.5],
[15.5, 39.1, 3.6, 325.0, 804.9, 1.4, 3.05, 0.311, 0.23, 6114.1, 24.3],
[18.1, 32.0, 1.0, 226.2, 899.8, 1.71, 4.19, 0.24, 0.159, 7071.7, 20.9],
[18.3, 39.5, 5.0, 222.0, 975.8, 2.16, 3.61, 0.254, 0.163, 6760.7, 25.7],
[20.5, 36.6, 7.2, 169.5, 1076.4, 2.83, 4.79, 0.187, 0.096, 7786.2, 28.3],
[19.5, 32.8, 4.4, 197.4, 988.4, 2.18, 4.22, 0.193, 0.146, 7373.3, 21.9],
[18.8, 44.0, 7.7, 269.6, 954.4, 2.26, 3.65, 0.228, 0.163, 7225.0, 22.5],
[17.4, 37.5, 1.0, 302.8, 894.1, 1.67, 4.62, 0.254, 0.172, 6801.7, 16.9],
[18.3, 34.1, 8.0, 216.0, 912.8, 2.01, 2.95, 0.252, 0.181, 6935.7, 23.6],
[16.6, 36.5, 1.0, 300.0, 809.0, 1.69, 3.77, 0.277, 0.205, 6202.5, 17.6],
[16.4, 36.3, 1.0, 299.9, 847.9, 1.15, 3.73, 0.301, 0.23, 6458.3, 24.6],
[22.2, 34.4, 8.0, 163.5, 1112.8, 3.15, 6.16, 0.144, 0.095, 8083.2, 21.4],
[19.7, 39.6, 3.7, 244.5, 1007.4, 2.47, 3.96, 0.213, 0.114, 7234.3, 20.7],
[17.3, 43.1, 6.4, 284.1, 896.1, 1.84, 4.37, 0.275, 0.193, 6489.6, 26.8],
[19.9, 45.2, 8.0, 200.7, 968.1, 2.66, 5.74, 0.168, 0.1, 7506.2, 19.2],
[16.8, 31.4, 5.4, 256.3, 892.3, 1.43, 3.22, 0.283, 0.209, 6638.7, 16.1],
[17.3, 31.9, 7.2, 275.2, 838.5, 2.01, 4.04, 0.241, 0.16, 6755.1, 22.5],
[20.3, 37.7, 5.6, 223.2, 1015.1, 2.57, 4.63, 0.2, 0.137, 7416.9, 17.4],
[15.4, 36.3, 1.0, 323.5, 823.8, 1.08, 3.71, 0.313, 0.23, 6000.0, 17.2],
[15.4, 32.5, 2.9, 282.4, 788.4, 1.04, 3.48, 0.287, 0.23, 6318.3, 20.4],
[22.3, 39.2, 7.8, 147.1, 1145.0, 3.4, 6.24, 0.11, 0.06, 8021.4, 25.0],
[20.0, 44.3, 3.7, 194.9, 1023.6, 2.73, 5.76, 0.211, 0.162, 7439.4, 25.8],
[17.9, 40.6, 1.0, 271.0, 958.9, 2.1, 3.27, 0.237, 0.172, 6661.7, 25.1],
[22.7, 36.3, 5.5, 140.0, 1126.1, 3.4, 6.37, 0.129, 0.084, 8118.4, 27.4],
[20.4, 37.8, 3.2, 209.7, 992.1, 2.59, 4.78, 0.179, 0.1, 7455.7, 21.8],
[22.7, 42.4, 5.2, 167.6, 1120.0, 3.42, 6.2, 0.141, 0.065, 8250.0, 16.5],
[17.5, 39.4, 7.0, 273.7, 882.9, 1.91, 2.72, 0.237, 0.141, 6549.6, 27.7],
[16.3, 34.3, 4.8, 306.4, 881.8, 1.19, 2.44, 0.263, 0.179, 6313.8, 18.2],
[21.0, 43.3, 8.0, 158.2, 1007.9, 3.08, 4.03, 0.17, 0.076, 7684.3, 22.7],
[17.9, 33.7, 6.7, 263.9, 872.3, 1.66, 3.63, 0.225, 0.176, 7018.0, 28.1],
[18.7, 32.3, 8.0, 208.8, 934.3, 2.36, 3.99, 0.202, 0.156, 7068.7, 21.7],
[16.4, 40.3, 2.1, 325.0, 826.5, 1.19, 3.09, 0.282, 0.224, 6185.2, 21.8],
[22.5, 42.5, 6.8, 156.4, 1145.0, 3.29, 4.29, 0.125, 0.06, 8219.3, 23.9],
[16.6, 35.9, 6.5, 270.5, 869.0, 1.23, 4.04, 0.296, 0.23, 6495.5, 22.5],
[22.2, 41.8, 8.0, 140.0, 1120.7, 3.33, 5.71, 0.12, 0.06, 7912.7, 29.3],
[20.8, 34.4, 8.0, 181.4, 1019.2, 2.81, 4.43, 0.172, 0.085, 7539.4, 22.3],
[15.3, 33.6, 2.4, 321.5, 785.0, 1.0, 2.61, 0.308, 0.23, 6279.4, 22.6],
[22.6, 37.4, 8.0, 144.4, 1087.5, 3.5, 5.36, 0.137, 0.065, 8250.0, 27.1],
[16.3, 33.2, 3.2, 307.4, 860.5, 1.24, 4.16, 0.281, 0.198, 6599.1, 18.2],
[22.2, 41.7, 7.1, 149.5, 1145.0, 3.5, 5.99, 0.114, 0.06, 7992.4, 27.9],
[19.6, 37.7, 2.6, 220.4, 960.4, 2.41, 5.35, 0.193, 0.108, 7317.8, 19.0],
[22.5, 44.8, 8.0, 186.0, 1145.0, 3.05, 5.51, 0.147, 0.09, 8044.8, 21.2],
[20.1, 37.4, 3.8, 210.9, 981.0, 2.86, 4.93, 0.179, 0.103, 7630.0, 26.4],
[19.2, 37.5, 7.1, 247.2, 979.9, 2.4, 4.87, 0.229, 0.134, 7194.1, 26.8],
[15.3, 38.5, 2.3, 289.2, 786.2, 1.22, 3.83, 0.303, 0.23, 6039.5, 26.7],
[16.6, 33.0, 4.7, 254.7, 901.9, 1.34, 2.47, 0.287, 0.19, 6437.4, 19.6],
[15.4, 37.9, 4.1, 302.1, 785.0, 1.04, 3.02, 0.294, 0.23, 6000.0, 21.8],
[23.0, 40.4, 6.5, 140.0, 1115.0, 3.5, 4.69, 0.11, 0.06, 8250.0, 16.2],
[17.9, 36.6, 6.6, 232.2, 935.5, 2.17, 4.67, 0.236, 0.184, 6789.8, 20.5],
[18.3, 39.2, 3.3, 227.9, 972.5, 1.81, 3.7, 0.228, 0.158, 6689.0, 23.4],
[19.2, 34.7, 5.4, 232.3, 1009.8, 2.4, 4.03, 0.221, 0.141, 7322.5, 25.4],
[16.7, 32.6, 1.0, 255.2, 894.4, 1.64, 4.66, 0.252, 0.193, 6674.1, 22.6],
[16.4, 40.1, 3.1, 298.5, 809.4, 1.62, 2.94, 0.276, 0.219, 6589.7, 21.6],
[19.0, 45.0, 6.7, 258.4, 1003.6, 2.52, 4.52, 0.216, 0.152, 7105.5, 29.3],
[16.4, 36.3, 1.0, 285.8, 840.6, 1.5, 3.03, 0.282, 0.2, 6377.1, 19.8],
[21.4, 41.4, 8.0, 160.0, 1067.3, 3.28, 5.51, 0.134, 0.091, 7690.2, 19.6],
[15.8, 37.5, 2.3, 325.0, 828.6, 1.44, 3.63, 0.288, 0.23, 6166.5, 24.5],
[20.6, 45.4, 8.0, 171.9, 1074.4, 2.53, 4.1, 0.187, 0.147, 7763.8, 17.5],
[20.8, 40.4, 3.9, 181.6, 1072.6, 2.77, 5.69, 0.184, 0.103, 7518.3, 25.1],
[20.7, 39.6, 8.0, 202.2, 1043.6, 2.96, 4.4, 0.191, 0.127, 7396.3, 29.4],
[15.8, 36.7, 4.8, 272.8, 813.9, 1.22, 4.32, 0.315, 0.23, 6399.9, 25.4],
[19.0, 41.0, 8.0, 226.5, 961.2, 2.3, 4.46, 0.208, 0.129, 7353.3, 19.9],
[18.7, 41.0, 6.2, 255.3, 990.6, 2.38, 3.42, 0.22, 0.151, 6892.5, 27.4],
[18.8, 31.8, 4.2, 210.5, 966.5, 2.19, 3.75, 0.201, 0.149, 6854.7, 28.3],
[17.6, 34.8, 3.8, 272.4, 879.1, 2.0, 4.41, 0.257, 0.181, 6894.7, 21.3],
[19.8, 43.3, 7.2, 217.2, 1032.2, 2.32, 5.42, 0.18, 0.108, 7139.6, 19.8],
[20.2, 36.1, 5.9, 191.1, 980.7, 2.66, 4.6, 0.183, 0.091, 7571.7, 29.2],
[20.2, 41.6, 2.8, 182.0, 1006.0, 2.44, 4.86, 0.17, 0.121, 7451.3, 27.0],
[18.1, 37.3, 1.1, 272.3, 877.5, 2.11, 3.66, 0.216, 0.136, 7048.4, 16.2],
[18.3, 36.5, 4.6, 264.5, 904.9, 2.07, 3.8, 0.233, 0.145, 6986.0, 28.4],
[21.8, 42.2, 6.8, 146.5, 1121.3, 3.28, 4.76, 0.122, 0.061, 7762.0, 28.0],
[21.0, 39.6, 8.0, 156.8, 1086.7, 2.71, 5.49, 0.16, 0.113, 7930.2, 25.7],
[15.9, 30.0, 3.2, 325.0, 816.2, 1.03, 3.43, 0.286, 0.226, 6341.8, 20.2],
[15.3, 30.0, 4.9, 325.0, 806.0, 1.16, 2.29, 0.293, 0.228, 6262.6, 16.3],
[19.3, 43.0, 2.8, 215.2, 1001.1, 2.52, 4.36, 0.229, 0.138, 7194.3, 17.4],
[22.1, 40.5, 8.0, 140.0, 1103.9, 3.15, 4.89, 0.158, 0.074, 8190.3, 21.9],
[16.9, 30.0, 1.0, 313.3, 893.6, 1.3, 3.61, 0.248, 0.159, 6704.7, 24.9],
[15.4, 30.0, 2.5, 325.0, 833.3, 1.0, 3.52, 0.305, 0.21, 6055.3, 16.8],
[19.1, 32.3, 6.4, 254.0, 1010.5, 2.17, 5.37, 0.209, 0.165, 7047.7, 19.2],
[20.2, 39.5, 8.0, 182.1, 1055.1, 2.45, 4.86, 0.164, 0.111, 7670.0, 17.4],
[17.9, 37.9, 7.7, 272.5, 922.4, 2.03, 3.55, 0.244, 0.203, 6908.6, 17.4],
[18.0, 30.6, 2.5, 265.2, 915.8, 2.02, 3.23, 0.263, 0.173, 6950.6, 17.7],
[15.5, 32.6, 1.0, 283.1, 810.1, 1.1, 3.04, 0.285, 0.197, 6113.8, 22.4],
[22.6, 45.0, 8.0, 172.8, 1145.0, 3.37, 4.28, 0.119, 0.06, 8127.9, 17.9],
[19.8, 43.0, 6.2, 201.2, 1043.9, 2.56, 3.41, 0.183, 0.106, 7247.7, 16.9],
[15.7, 37.2, 1.1, 325.0, 785.0, 1.39, 3.15, 0.281, 0.21, 6226.1, 28.9],
[22.5, 45.4, 8.0, 162.1, 1143.9, 3.4, 4.63, 0.12, 0.06, 8250.0, 18.9],
[18.4, 42.1, 3.5, 256.7, 946.8, 2.2, 5.22, 0.251, 0.16, 6729.0, 22.1],
[20.5, 38.2, 3.9, 186.4, 1006.2, 2.74, 3.88, 0.171, 0.106, 7418.5, 16.6],
[19.6, 35.9, 4.7, 236.4, 974.1, 2.38, 5.3, 0.188, 0.148, 7177.0, 21.3],
[16.4, 39.5, 1.0, 295.8, 877.7, 1.18, 3.97, 0.287, 0.23, 6445.5, 27.6],
[18.5, 32.0, 2.1, 255.3, 916.0, 2.21, 4.9, 0.238, 0.152, 7007.3, 28.1],
[19.4, 35.4, 7.2, 195.6, 974.2, 2.15, 4.3, 0.229, 0.139, 7158.3, 18.0],
[19.3, 39.8, 5.0, 251.0, 949.4, 2.63, 4.8, 0.226, 0.156, 7289.8, 20.0],
[21.0, 37.8, 8.0, 170.6, 1066.7, 3.13, 5.02, 0.151, 0.063, 7569.0, 27.1],
[20.5, 43.7, 5.3, 170.1, 1068.9, 2.57, 5.18, 0.182, 0.138, 7730.5, 28.3],
[19.1, 33.6, 7.1, 254.7, 959.0, 2.38, 3.39, 0.233, 0.183, 7109.0, 25.0],
[20.4, 39.4, 7.7, 175.5, 984.0, 2.88, 5.83, 0.159, 0.084, 7458.7, 20.1],
[19.6, 42.5, 4.4, 238.3, 1017.7, 2.57, 4.75, 0.21, 0.118, 7227.9, 24.3],
[15.4, 30.0, 1.9, 325.0, 842.8, 1.0, 3.48, 0.319, 0.225, 6158.4, 24.9],
[15.3, 31.5, 1.0, 325.0, 785.1, 1.03, 2.67, 0.319, 0.222, 6209.2, 21.2],
[19.7, 38.1, 1.9, 235.2, 954.9, 2.56, 5.29, 0.203, 0.115, 7565.8, 26.3],
[18.4, 42.4, 2.5, 279.8, 961.0, 2.03, 3.53, 0.221, 0.13, 6882.3, 27.5],
[16.5, 30.3, 3.8, 323.6, 829.8, 1.66, 3.32, 0.256, 0.168, 6535.8, 20.4],
[22.4, 42.9, 8.0, 159.1, 1088.8, 3.5, 4.82, 0.15, 0.069, 8229.9, 21.0],
[17.1, 37.3, 2.4, 282.4, 905.9, 1.36, 3.7, 0.261, 0.216, 6415.2, 19.2],
[20.8, 42.7, 8.0, 180.2, 1020.2, 2.89, 3.85, 0.143, 0.071, 7584.1, 27.6],
[19.9, 44.5, 3.4, 230.6, 968.5, 2.81, 5.29, 0.17, 0.092, 7486.4, 26.7],
[22.0, 38.7, 8.0, 176.2, 1066.0, 3.13, 5.28, 0.127, 0.065, 7824.4, 28.9],
[22.6, 45.1, 7.3, 156.2, 1145.0, 3.09, 4.13, 0.11, 0.06, 8203.5, 16.4],
[17.7, 39.4, 5.3, 291.9, 879.3, 1.85, 4.16, 0.254, 0.196, 6868.1, 18.0],
[22.3, 46.9, 8.0, 160.0, 1063.8, 3.5, 5.11, 0.11, 0.06, 8028.9, 19.8],
[22.4, 34.7, 7.6, 177.9, 1127.4, 3.5, 4.98, 0.11, 0.06, 8245.3, 20.0],
[20.9, 37.0, 8.0, 184.1, 1090.6, 3.13, 5.84, 0.18, 0.092, 7686.9, 26.4],
[20.1, 36.4, 8.0, 210.8, 1000.2, 2.75, 3.85, 0.201, 0.134, 7659.3, 21.4],
[16.2, 40.4, 1.0, 325.0, 887.1, 1.49, 2.44, 0.286, 0.23, 6283.8, 20.6],
[16.2, 30.1, 1.0, 325.0, 814.1, 1.08, 3.71, 0.285, 0.205, 6243.6, 27.5],
[17.9, 30.4, 5.1, 286.0, 866.8, 1.77, 4.89, 0.255, 0.183, 7057.0, 29.3],
[18.5, 42.0, 3.9, 246.4, 898.5, 2.11, 4.67, 0.212, 0.124, 6965.8, 22.7],
[20.7, 41.8, 3.5, 199.7, 1013.6, 2.69, 5.71, 0.178, 0.096, 7532.6, 16.8],
[22.4, 43.0, 6.8, 187.1, 1134.5, 3.27, 5.23, 0.11, 0.064, 8051.3, 19.7],
[17.5, 33.3, 5.0, 262.2, 940.2, 1.64, 3.72, 0.252, 0.19, 6882.8, 17.2],
[15.9, 37.7, 1.5, 269.4, 801.5, 1.49, 2.3, 0.278, 0.196, 6165.2, 21.1],
[15.2, 33.0, 1.0, 325.0, 785.0, 1.0, 2.79, 0.32, 0.23, 6128.6, 17.2],
[15.8, 37.7, 1.0, 325.0, 785.0, 1.27, 4.24, 0.303, 0.224, 6214.8, 27.1],
[15.7, 30.2, 1.9, 302.0, 785.0, 1.31, 2.82, 0.28, 0.204, 6239.8, 27.2],
[18.2, 32.8, 4.9, 239.1, 937.2, 1.82, 3.19, 0.257, 0.167, 6777.3, 16.0],
[18.8, 42.5, 4.1, 243.0, 938.7, 2.23, 4.04, 0.214, 0.119, 7058.5, 26.4],
[17.1, 36.1, 4.7, 264.3, 846.4, 1.86, 3.49, 0.241, 0.196, 6623.2, 18.3],
[22.4, 46.0, 5.4, 153.2, 1095.5, 3.15, 5.42, 0.141, 0.098, 8039.6, 24.3],
[22.5, 40.3, 8.0, 177.3, 1108.3, 3.5, 5.85, 0.11, 0.06, 8079.6, 17.7],
[16.0, 34.2, 4.6, 290.1, 838.6, 1.48, 3.36, 0.297, 0.23, 6034.3, 21.7],
[21.4, 42.1, 5.6, 198.2, 1029.8, 2.73, 5.76, 0.154, 0.088, 7622.8, 22.1],
[17.4, 32.9, 1.4, 236.8, 891.6, 1.76, 3.86, 0.27, 0.197, 6743.7, 27.6],
[18.6, 40.9, 2.3, 217.8, 944.7, 2.34, 4.38, 0.235, 0.14, 6915.3, 28.6],
[22.1, 44.1, 8.0, 169.9, 1079.5, 2.93, 5.61, 0.144, 0.069, 7983.4, 19.3],
[15.6, 40.1, 3.2, 282.5, 840.2, 1.0, 2.34, 0.291, 0.224, 6013.4, 21.8],
[23.0, 42.5, 7.3, 140.0, 1145.0, 3.5, 4.65, 0.115, 0.06, 8053.4, 27.8],
[22.3, 43.1, 8.0, 169.3, 1094.4, 3.36, 5.6, 0.114, 0.064, 8164.9, 29.2],
[22.1, 36.1, 8.0, 145.9, 1114.8, 3.09, 5.3, 0.138, 0.067, 8151.4, 23.7],
[22.8, 44.2, 6.2, 142.2, 1093.6, 3.47, 5.95, 0.11, 0.066, 8250.0, 23.9],
[18.0, 30.8, 1.0, 285.5, 901.2, 1.74, 4.53, 0.217, 0.142, 6746.0, 20.7],
[15.1, 35.3, 4.1, 311.0, 785.0, 1.0, 3.3, 0.307, 0.23, 6000.0, 24.9],
[19.9, 38.8, 5.6, 198.2, 978.6, 2.47, 3.78, 0.19, 0.122, 7164.7, 29.3],
[15.0, 38.5, 1.0, 316.4, 809.6, 1.0, 2.41, 0.32, 0.23, 6000.0, 24.9],
[21.2, 43.1, 8.0, 181.2, 1072.5, 2.92, 5.49, 0.133, 0.078, 7974.9, 16.6],
[18.0, 32.2, 2.4, 275.4, 893.6, 2.08, 3.1, 0.216, 0.164, 6822.8, 24.9],
[18.5, 32.4, 8.0, 257.7, 928.6, 2.05, 3.45, 0.235, 0.182, 7006.2, 25.6],
[16.8, 36.2, 1.5, 304.5, 906.8, 1.62, 3.77, 0.287, 0.23, 6489.3, 19.7],
[16.8, 39.2, 6.6, 281.1, 873.6, 1.65, 4.45, 0.288, 0.23, 6395.6, 26.5],
[22.9, 37.7, 5.0, 140.0, 1141.5, 3.24, 5.85, 0.11, 0.06, 8078.1, 18.7],
[15.8, 30.0, 1.0, 325.0, 836.6, 1.29, 2.5, 0.281, 0.19, 6396.4, 19.7],
[17.5, 31.0, 6.2, 272.5, 867.2, 1.58, 4.0, 0.271, 0.218, 6632.2, 25.5],
[16.9, 33.5, 6.3, 284.2, 915.5, 1.56, 4.1, 0.283, 0.23, 6504.6, 17.6],
[17.2, 41.4, 6.0, 298.9, 836.5, 1.65, 3.69, 0.238, 0.144, 6671.5, 22.9],
[19.9, 34.9, 4.7, 220.3, 1032.1, 2.69, 4.98, 0.19, 0.141, 7414.7, 16.0],
[22.1, 42.0, 8.0, 174.1, 1090.1, 3.22, 4.85, 0.149, 0.088, 7827.6, 17.7],
[21.9, 46.0, 8.0, 158.2, 1117.8, 3.1, 4.99, 0.137, 0.066, 7873.9, 18.6],
[18.7, 42.5, 2.0, 223.3, 970.2, 1.98, 3.77, 0.235, 0.18, 7154.6, 27.4],
[18.5, 31.8, 1.8, 218.0, 957.2, 2.26, 4.88, 0.241, 0.194, 6747.0, 20.3],
[20.4, 45.2, 8.0, 223.4, 1023.6, 2.78, 4.72, 0.163, 0.097, 7325.9, 27.7],
[18.0, 43.2, 5.5, 231.1, 937.4, 1.99, 4.0, 0.265, 0.176, 6771.7, 29.3],
[17.3, 42.6, 2.4, 297.8, 843.0, 1.51, 4.42, 0.254, 0.178, 6774.7, 20.6],
[18.6, 31.9, 7.4, 258.1, 952.8, 2.37, 4.66, 0.228, 0.167, 7132.5, 26.8],
[16.9, 31.5, 1.7, 266.7, 865.2, 1.84, 3.22, 0.261, 0.208, 6285.2, 24.3],
[19.0, 37.8, 5.9, 221.8, 933.8, 2.19, 3.3, 0.226, 0.165, 7106.9, 24.4],
[22.1, 34.7, 6.5, 189.5, 1118.5, 3.26, 5.63, 0.134, 0.06, 8015.2, 19.5],
[18.8, 35.3, 2.1, 223.0, 966.3, 2.21, 4.56, 0.232, 0.186, 7240.0, 22.8],
[16.6, 38.4, 1.0, 316.5, 883.0, 1.45, 3.14, 0.262, 0.203, 6664.0, 17.7],
[18.1, 30.4, 3.9, 223.8, 940.4, 2.03, 4.84, 0.248, 0.202, 7117.1, 29.0],
[20.5, 44.6, 8.0, 183.9, 1071.6, 2.54, 5.43, 0.175, 0.107, 7480.0, 18.7],
[22.4, 47.6, 8.0, 145.4, 1145.0, 3.33, 5.88, 0.137, 0.088, 8250.0, 23.4],
[21.8, 46.5, 8.0, 194.9, 1082.3, 2.9, 4.4, 0.152, 0.067, 7827.4, 29.0],
[17.3, 40.0, 1.8, 259.7, 861.7, 1.88, 4.11, 0.256, 0.196, 6656.8, 25.3],
[19.5, 41.6, 2.4, 211.2, 938.2, 2.56, 3.53, 0.225, 0.153, 7439.6, 21.2],
[15.2, 39.4, 1.0, 305.1, 818.3, 1.35, 2.16, 0.303, 0.206, 6044.4, 18.0],
[20.5, 41.9, 8.0, 232.4, 1002.7, 2.93, 4.13, 0.152, 0.078, 7676.7, 16.3],
[22.9, 46.8, 7.8, 172.6, 1137.2, 3.5, 5.61, 0.129, 0.06, 8008.7, 22.6],
[20.5, 36.8, 6.5, 166.1, 1036.4, 2.48, 3.94, 0.152, 0.076, 7329.8, 29.0],
[18.4, 37.4, 8.0, 277.6, 909.6, 2.23, 3.86, 0.231, 0.173, 6889.0, 26.2],
[18.6, 32.2, 1.4, 226.6, 953.2, 2.25, 3.92, 0.226, 0.136, 7048.8, 22.4],
[20.4, 37.6, 5.0, 172.0, 1046.0, 2.83, 5.71, 0.175, 0.121, 7525.6, 16.6],
[16.6, 36.4, 5.1, 285.0, 855.3, 1.33, 3.4, 0.295, 0.23, 6696.3, 22.3],
[22.3, 37.9, 4.3, 156.8, 1072.7, 3.17, 5.28, 0.141, 0.065, 8049.4, 22.8],
[17.8, 41.3, 1.0, 279.7, 899.2, 1.92, 3.97, 0.243, 0.182, 6769.0, 29.1],
[15.4, 34.5, 1.0, 302.4, 796.5, 1.37, 4.57, 0.305, 0.217, 6000.0, 23.5],
[19.6, 41.9, 8.0, 239.6, 1002.0, 2.47, 3.94, 0.175, 0.125, 7495.8, 29.5],
[18.4, 36.8, 3.6, 246.9, 888.1, 1.93, 4.83, 0.21, 0.127, 6845.6, 25.2],
[15.3, 30.0, 3.6, 325.0, 836.5, 1.19, 3.28, 0.32, 0.23, 6035.9, 24.3],
[22.3, 45.2, 8.0, 151.5, 1101.3, 3.2, 4.64, 0.121, 0.06, 7870.4, 20.6],
[21.2, 35.4, 8.0, 186.1, 1042.0, 2.65, 4.87, 0.15, 0.09, 7693.6, 28.4],
[21.6, 40.3, 4.2, 203.9, 1118.4, 3.22, 5.55, 0.17, 0.119, 7823.3, 17.9],
[21.7, 44.5, 8.0, 192.1, 1084.0, 2.98, 4.63, 0.133, 0.06, 7689.5, 24.1],
[20.5, 41.6, 8.0, 165.6, 1078.8, 2.53, 5.52, 0.159, 0.077, 7712.3, 22.5],
[20.1, 44.2, 3.1, 232.4, 1004.0, 2.82, 4.31, 0.168, 0.101, 7633.5, 24.0],
[15.4, 34.3, 4.5, 325.0, 812.5, 1.03, 3.16, 0.292, 0.193, 6121.3, 22.8],
[17.2, 36.4, 1.0, 265.5, 878.7, 1.58, 2.99, 0.278, 0.185, 6698.7, 26.8],
[20.2, 42.8, 8.0, 193.4, 1032.8, 2.74, 5.71, 0.18, 0.089, 7369.4, 19.2],
[21.9, 41.0, 8.0, 140.8, 1086.8, 3.01, 3.83, 0.148, 0.088, 7753.9, 16.1],
[18.5, 34.8, 5.9, 238.2, 948.7, 2.03, 3.83, 0.227, 0.144, 7049.8, 21.8],
[15.5, 36.5, 1.0, 323.9, 810.1, 1.15, 2.69, 0.32, 0.23, 6360.4, 23.8],
[17.8, 40.5, 2.1, 251.1, 886.6, 2.0, 4.78, 0.257, 0.159, 6724.1, 25.8],
[20.5, 32.8, 4.5, 168.5, 992.8, 2.62, 5.11, 0.175, 0.102, 7584.9, 22.3],
[19.2, 39.3, 5.7, 227.8, 972.0, 2.43, 4.59, 0.186, 0.111, 7289.6, 20.5],
[15.9, 33.0, 1.6, 321.1, 855.0, 1.02, 2.23, 0.286, 0.23, 6157.8, 22.4],
[21.5, 35.0, 8.0, 197.0, 1028.7, 2.98, 4.06, 0.161, 0.082, 7744.3, 20.3],
[19.8, 38.1, 5.3, 237.8, 1023.0, 2.24, 3.78, 0.19, 0.138, 7116.3, 29.2],
[22.1, 35.0, 8.0, 182.4, 1109.7, 3.01, 6.03, 0.138, 0.097, 7867.6, 17.2],
[16.9, 36.7, 1.0, 277.1, 862.6, 1.79, 2.6, 0.264, 0.172, 6481.0, 24.3],
[21.1, 38.4, 4.7, 208.1, 1029.4, 2.61, 3.66, 0.165, 0.1, 7738.5, 23.3],
[19.3, 33.1, 6.8, 213.1, 972.6, 2.07, 4.06, 0.214, 0.124, 7299.0, 21.6],
[18.3, 39.0, 3.3, 228.2, 979.2, 1.91, 4.2, 0.257, 0.173, 6984.6, 16.8],
[22.7, 41.9, 6.0, 158.4, 1145.0, 3.48, 5.46, 0.127, 0.085, 7925.4, 19.8],
[19.5, 35.8, 4.8, 213.6, 1008.5, 2.68, 5.56, 0.226, 0.134, 7299.5, 17.6],
[20.4, 45.3, 5.3, 200.4, 988.4, 2.77, 4.31, 0.2, 0.117, 7398.2, 26.3],
[20.4, 33.3, 8.0, 180.4, 995.7, 2.98, 5.45, 0.196, 0.139, 7567.9, 26.9],
[21.7, 39.6, 8.0, 198.0, 1087.0, 3.29, 6.36, 0.125, 0.071, 8058.3, 23.9],
[22.1, 42.3, 5.3, 145.2, 1068.4, 3.45, 4.73, 0.121, 0.06, 7782.1, 24.5],
[15.8, 35.3, 1.0, 276.0, 840.7, 1.42, 2.26, 0.32, 0.23, 6247.0, 29.4],
[22.9, 41.8, 7.4, 176.1, 1124.0, 3.22, 6.11, 0.11, 0.06, 8250.0, 19.1],
[20.6, 44.0, 7.2, 204.4, 1012.9, 2.55, 3.36, 0.177, 0.13, 7733.0, 22.9],
[21.3, 36.8, 8.0, 185.6, 1109.1, 2.92, 5.29, 0.155, 0.076, 7921.3, 16.8],
[21.0, 45.5, 4.7, 217.7, 1042.6, 2.85, 5.43, 0.147, 0.094, 7660.1, 23.4],
[20.7, 37.1, 6.8, 180.2, 1025.1, 2.5, 5.24, 0.178, 0.101, 7579.5, 25.0],
[16.8, 34.5, 6.3, 251.2, 816.6, 1.53, 4.63, 0.253, 0.171, 6302.1, 25.7],
[22.7, 43.6, 8.0, 174.7, 1116.1, 3.28, 4.28, 0.118, 0.06, 8250.0, 16.3]
]