data = [
    [22.200, 41.800, 8.000, 140.000, 1120.700, 3.330, 5.710, 0.120, 0.060, 7912.700, 29.300, 2.093, 80.202],
    [19.600, 37.100, 8.000, 223.600, 952.900, 2.550, 4.020, 0.181, 0.106, 7252.800, 29.100, 2.996, 54.413],
    [19.000, 32.200, 4.700, 237.700, 984.600, 2.220, 3.300, 0.206, 0.144, 7183.400, 23.700, 3.426, 42.120],
    [16.700, 35.000, 4.100, 309.400, 881.100, 1.520, 2.650, 0.278, 0.216, 6389.700, 19.400, 4.187, 20.369],
    [18.100, 36.600, 4.700, 251.000, 914.000, 1.700, 3.300, 0.230, 0.150, 7000.000, 21.000, 3.516, 39.534],
    [19.600, 42.500, 4.400, 238.300, 1017.700, 2.570, 4.750, 0.210, 0.118, 7227.900, 24.300, 2.842, 58.813],
    [18.000, 32.700, 4.100, 270.100, 919.400, 1.930, 4.570, 0.236, 0.144, 6806.500, 20.400, 3.552, 38.513],
    [18.500, 40.500, 1.000, 271.800, 982.300, 2.100, 3.180, 0.207, 0.109, 7028.300, 23.200, 3.004, 54.180],
    [18.200, 40.400, 2.000, 228.100, 889.000, 2.080, 3.660, 0.226, 0.185, 6916.100, 27.500, 3.128, 50.630],
    [21.900, 47.600, 8.000, 185.100, 1116.700, 3.190, 6.090, 0.127, 0.080, 8082.200, 21.900, 2.304, 74.169],
    [16.900, 30.000, 1.000, 309.500, 841.300, 1.490, 4.200, 0.287, 0.222, 6354.600, 16.500, 4.166, 20.961],
    [22.100, 46.600, 1.400, 154.000, 1115.000, 3.300, 5.900, 0.130, 0.070, 8070.000, 28.400, 1.712, 91.076],
    [21.900, 44.700, 8.000, 181.200, 1099.400, 2.920, 3.920, 0.129, 0.066, 8121.000, 25.200, 2.421, 70.836],
    [20.700, 41.800, 3.500, 199.700, 1013.600, 2.690, 5.710, 0.178, 0.096, 7532.600, 16.800, 2.659, 64.040],
    [20.500, 33.300, 8.000, 175.700, 1000.100, 2.910, 5.930, 0.164, 0.075, 7741.800, 22.900, 2.762, 61.090],
    [15.300, 30.000, 3.600, 325.000, 836.500, 1.190, 3.280, 0.320, 0.230, 6035.900, 24.300, 4.344, 15.888],
    [18.300, 36.900, 4.500, 253.000, 916.000, 1.800, 3.400, 0.220, 0.150, 7030.000, 21.300, 3.467, 40.956],
    [16.800, 41.200, 1.000, 308.400, 876.800, 1.610, 3.300, 0.283, 0.211, 6577.200, 21.800, 3.697, 34.383],
    [16.800, 36.000, 5.500, 274.500, 890.500, 1.530, 3.920, 0.293, 0.211, 6302.300, 21.600, 3.969, 26.591],
    [22.400, 43.000, 6.800, 187.100, 1134.500, 3.270, 5.230, 0.110, 0.064, 8051.300, 19.700, 2.416, 70.975],
    [17.700, 34.500, 1.000, 274.300, 888.000, 1.740, 2.770, 0.244, 0.196, 6575.000, 17.300, 3.834, 30.452],
    [19.100, 36.100, 1.200, 245.200, 967.600, 2.530, 3.920, 0.189, 0.133, 7175.900, 29.100, 2.888, 57.492],
    [15.300, 37.100, 1.400, 291.900, 785.000, 1.000, 4.140, 0.302, 0.230, 6270.100, 23.400, 3.869, 29.445],
    [20.700, 34.800, 5.500, 181.100, 1071.300, 2.600, 5.760, 0.183, 0.128, 7672.800, 18.600, 2.991, 54.550],
    [22.300, 46.900, 8.000, 160.000, 1063.800, 3.500, 5.110, 0.110, 0.060, 8028.900, 19.800, 2.263, 75.346],
    [21.900, 46.000, 8.000, 158.200, 1117.800, 3.100, 4.990, 0.137, 0.066, 7873.900, 18.600, 2.419, 70.894],
    [20.400, 42.300, 5.500, 188.900, 1009.700, 2.730, 5.440, 0.196, 0.150, 7380.700, 28.800, 2.675, 63.575],
    [16.800, 37.800, 1.000, 289.600, 854.600, 1.620, 2.690, 0.288, 0.218, 6486.000, 23.900, 3.775, 32.149],
    [18.300, 34.100, 8.000, 216.000, 912.800, 2.010, 2.950, 0.252, 0.181, 6935.700, 23.600, 3.741, 33.128],
    [19.900, 44.500, 3.400, 230.600, 968.500, 2.810, 5.290, 0.170, 0.092, 7486.400, 26.700, 2.425, 70.726],
    [19.800, 40.700, 3.100, 215.000, 975.000, 2.200, 4.300, 0.180, 0.120, 7350.000, 24.800, 2.781, 60.540],
    [18.600, 38.000, 4.300, 238.000, 925.000, 1.800, 3.600, 0.220, 0.140, 7120.000, 22.200, 3.290, 46.013],
    [17.800, 35.700, 2.800, 276.400, 903.600, 1.710, 4.000, 0.230, 0.153, 6858.800, 24.600, 3.400, 42.864],
    [17.500, 36.200, 1.000, 256.200, 921.600, 1.760, 4.570, 0.241, 0.170, 6769.000, 21.100, 3.372, 43.653],
    [16.900, 41.900, 6.400, 307.100, 858.600, 1.430, 3.300, 0.260, 0.203, 6457.300, 26.800, 3.781, 31.974],
    [16.800, 32.000, 1.000, 309.200, 833.600, 1.540, 3.080, 0.288, 0.230, 6390.700, 26.200, 3.972, 26.513],
    [22.100, 40.700, 8.000, 173.600, 1125.400, 3.240, 5.740, 0.133, 0.062, 7967.900, 16.300, 2.578, 66.346],
    [21.700, 38.100, 5.400, 193.600, 1081.200, 3.260, 4.890, 0.163, 0.118, 7959.200, 22.700, 2.743, 61.642],
    [17.800, 35.300, 5.700, 280.500, 932.600, 1.990, 5.120, 0.266, 0.200, 6916.500, 24.700, 3.678, 34.920],
    [21.400, 36.500, 4.000, 166.100, 1093.900, 2.870, 4.520, 0.128, 0.060, 7681.200, 17.300, 2.596, 65.825],
    [19.000, 33.300, 7.100, 213.900, 949.100, 2.230, 4.090, 0.236, 0.186, 7091.400, 19.400, 3.701, 34.269],
    [18.400, 42.100, 3.500, 256.700, 946.800, 2.200, 5.220, 0.251, 0.160, 6729.000, 22.100, 3.174, 49.322],
    [17.700, 31.300, 2.000, 252.000, 873.400, 1.670, 2.530, 0.272, 0.175, 6636.600, 25.400, 3.660, 35.433],
    [17.900, 35.400, 2.300, 251.300, 911.400, 1.800, 3.420, 0.233, 0.189, 6857.000, 25.000, 3.490, 40.290],
    [16.700, 37.400, 6.000, 258.800, 864.000, 1.550, 3.750, 0.284, 0.185, 6484.600, 20.400, 3.825, 30.718],
    [22.300, 39.200, 7.800, 147.100, 1145.000, 3.400, 6.240, 0.110, 0.060, 8021.400, 25.000, 2.226, 76.408],
    [17.100, 41.500, 1.000, 264.300, 857.900, 1.620, 2.950, 0.272, 0.182, 6659.900, 27.100, 3.312, 45.385],
    [22.800, 36.400, 8.000, 140.000, 1145.000, 3.500, 4.920, 0.130, 0.072, 8250.000, 26.200, 2.401, 71.390],
    [19.000, 33.700, 2.100, 243.100, 992.000, 2.390, 4.840, 0.213, 0.136, 6989.100, 25.100, 3.087, 51.789],
    [22.800, 46.700, 8.000, 168.500, 1145.000, 3.500, 5.310, 0.111, 0.060, 8020.000, 19.100, 2.288, 74.623],
    [19.100, 44.000, 5.100, 259.700, 997.600, 2.160, 5.010, 0.197, 0.108, 7105.400, 27.900, 2.775, 60.716],
    [17.700, 40.500, 3.000, 274.300, 921.800, 1.730, 4.530, 0.260, 0.209, 6824.200, 25.700, 3.453, 41.352],
    [19.500, 39.500, 3.900, 223.000, 948.000, 2.100, 3.800, 0.190, 0.120, 7220.000, 23.600, 2.980, 54.871],
    [19.900, 37.600, 3.300, 227.700, 1053.000, 2.590, 5.210, 0.176, 0.133, 7251.500, 20.500, 2.987, 54.655],
    [20.400, 44.000, 8.000, 171.000, 1047.000, 2.820, 5.250, 0.164, 0.079, 7626.300, 24.900, 2.471, 69.401],
    [16.300, 36.800, 5.200, 310.000, 856.100, 1.590, 2.540, 0.268, 0.211, 6270.300, 19.300, 4.185, 20.431],
    [15.300, 36.000, 1.000, 323.900, 829.100, 1.150, 3.630, 0.301, 0.230, 6117.000, 25.900, 3.948, 27.207],
    [19.300, 39.300, 3.700, 222.000, 958.000, 2.000, 3.800, 0.200, 0.130, 7290.000, 23.800, 3.022, 53.660],
    [19.200, 34.900, 2.100, 214.800, 925.800, 2.130, 3.910, 0.185, 0.112, 7407.900, 23.600, 2.943, 55.906],
    [15.500, 31.400, 1.000, 325.000, 785.000, 1.040, 2.660, 0.306, 0.229, 6088.200, 22.200, 4.263, 18.203],
    [20.500, 37.900, 3.000, 176.100, 1019.800, 2.560, 5.390, 0.191, 0.136, 7610.900, 27.000, 2.623, 65.061],
    [17.500, 40.500, 3.900, 285.100, 923.300, 1.920, 4.740, 0.252, 0.193, 6736.000, 21.000, 3.558, 38.332],
    [19.000, 37.800, 5.900, 221.800, 933.800, 2.190, 3.300, 0.226, 0.165, 7106.900, 24.400, 3.370, 43.704],
    [16.300, 39.900, 6.000, 290.100, 817.000, 1.560, 3.590, 0.275, 0.205, 6458.200, 28.900, 3.716, 33.827],
    [15.200, 30.000, 1.000, 306.800, 795.400, 1.000, 3.870, 0.305, 0.230, 6205.300, 27.400, 4.025, 24.989],
    [20.500, 36.600, 7.200, 169.500, 1076.400, 2.830, 4.790, 0.187, 0.096, 7786.200, 28.300, 2.664, 63.873],
    [15.500, 36.500, 1.000, 323.900, 810.100, 1.150, 2.690, 0.320, 0.230, 6360.400, 23.800, 4.054, 24.168],
    [18.600, 37.700, 4.400, 244.000, 918.000, 1.900, 3.600, 0.210, 0.140, 7060.000, 22.000, 3.315, 45.290],
    [21.900, 39.900, 8.000, 161.900, 1073.900, 3.300, 4.720, 0.152, 0.060, 7722.700, 16.200, 2.676, 63.545],
    [20.800, 42.500, 8.000, 178.800, 1034.700, 2.930, 4.340, 0.156, 0.060, 7434.800, 29.500, 2.404, 71.324],
    [17.200, 41.700, 3.000, 285.500, 920.400, 1.580, 2.830, 0.265, 0.176, 6797.900, 16.700, 3.705, 34.154],
    [16.000, 37.500, 3.400, 313.100, 795.600, 1.180, 3.860, 0.283, 0.193, 6193.000, 24.700, 3.819, 30.887],
    [19.600, 37.800, 3.000, 203.000, 950.700, 2.690, 5.610, 0.217, 0.156, 7415.500, 17.500, 3.057, 52.652],
    [22.200, 45.900, 5.000, 161.400, 1070.000, 3.410, 5.450, 0.134, 0.092, 8085.900, 17.900, 2.324, 73.594],
    [19.500, 38.200, 4.200, 247.100, 1006.100, 2.290, 3.160, 0.192, 0.116, 7086.200, 22.700, 3.156, 49.822],
    [19.600, 40.400, 3.200, 216.000, 972.000, 2.200, 4.100, 0.180, 0.120, 7360.000, 24.500, 2.824, 59.321],
    [21.400, 41.400, 8.000, 160.000, 1067.300, 3.280, 5.510, 0.134, 0.091, 7690.200, 19.600, 2.603, 65.643],
    [15.600, 37.300, 2.900, 324.600, 785.000, 1.110, 3.100, 0.316, 0.230, 6219.100, 28.000, 3.996, 25.837],
    [15.200, 31.600, 1.000, 325.000, 785.000, 1.250, 3.500, 0.313, 0.218, 6081.000, 23.500, 4.110, 22.581],
    [16.300, 30.000, 1.700, 294.600, 820.400, 1.150, 3.870, 0.293, 0.230, 6260.300, 27.200, 3.987, 26.088],
    [20.200, 36.100, 5.900, 191.100, 980.700, 2.660, 4.600, 0.183, 0.091, 7571.700, 29.200, 2.677, 63.523],
    [19.500, 32.800, 4.400, 197.400, 988.400, 2.180, 4.220, 0.193, 0.146, 7373.300, 21.900, 3.231, 47.694],
    [15.400, 37.900, 4.100, 302.100, 785.000, 1.040, 3.020, 0.294, 0.230, 6000.000, 21.800, 4.148, 21.474],
    [18.300, 39.200, 3.300, 227.900, 972.500, 1.810, 3.700, 0.228, 0.158, 6689.000, 23.400, 3.256, 46.975],
    [15.900, 32.200, 1.000, 325.000, 785.000, 1.450, 3.360, 0.294, 0.223, 6382.200, 28.400, 3.931, 27.683],
    [21.000, 37.800, 8.000, 170.600, 1066.700, 3.130, 5.020, 0.151, 0.063, 7569.000, 27.100, 2.507, 68.370],
    [18.000, 37.500, 3.900, 233.300, 944.400, 2.060, 3.780, 0.263, 0.200, 6665.600, 29.500, 3.378, 43.483],
    [18.300, 39.000, 3.300, 228.200, 979.200, 1.910, 4.200, 0.257, 0.173, 6984.600, 16.800, 3.451, 41.408],
    [21.500, 46.800, 8.000, 202.000, 1079.300, 2.950, 3.920, 0.149, 0.061, 7911.000, 16.700, 2.656, 64.109],
    [16.100, 39.300, 5.500, 325.000, 856.300, 1.220, 2.030, 0.304, 0.222, 6401.000, 26.400, 4.120, 22.295],
    [21.600, 40.000, 8.000, 172.000, 1108.300, 3.000, 4.180, 0.155, 0.065, 7696.500, 19.200, 2.717, 62.364],
    [22.500, 35.000, 8.000, 140.000, 1084.200, 3.150, 5.270, 0.114, 0.060, 7918.900, 29.100, 2.333, 73.356],
    [19.800, 41.400, 8.000, 207.000, 997.500, 2.450, 3.520, 0.191, 0.106, 7178.400, 17.100, 3.191, 48.838],
    [18.600, 37.800, 4.700, 251.800, 918.200, 1.940, 3.420, 0.234, 0.182, 7081.900, 29.100, 3.367, 43.788],
    [21.900, 46.100, 8.000, 140.000, 1079.600, 3.320, 5.400, 0.134, 0.060, 7988.900, 22.500, 2.180, 77.725],
    [16.100, 30.300, 1.000, 322.300, 867.100, 1.540, 2.800, 0.285, 0.205, 6302.900, 21.600, 4.113, 22.472],
    [22.300, 40.400, 8.000, 152.300, 1131.400, 3.080, 5.180, 0.133, 0.060, 7949.900, 25.600, 2.330, 73.443],
    [16.900, 38.800, 1.000, 283.800, 907.900, 1.410, 3.320, 0.279, 0.187, 6406.100, 26.800, 3.489, 40.315],
    [19.300, 40.800, 3.800, 201.200, 943.000, 2.320, 4.370, 0.196, 0.145, 7211.300, 24.900, 2.893, 57.331],
    [21.200, 43.100, 8.000, 181.200, 1072.500, 2.920, 5.490, 0.133, 0.078, 7974.900, 16.600, 2.645, 64.440],
    [20.900, 42.100, 3.400, 207.800, 1055.800, 2.910, 5.690, 0.161, 0.101, 7463.700, 27.200, 2.393, 71.639],
    [20.500, 36.600, 6.700, 225.500, 999.000, 2.470, 3.880, 0.187, 0.144, 7687.100, 29.100, 3.079, 52.030],
    [17.700, 32.400, 7.600, 228.400, 939.000, 1.560, 2.660, 0.272, 0.226, 6565.900, 27.700, 3.994, 25.878],
    [16.100, 31.700, 1.600, 279.400, 831.900, 1.190, 2.990, 0.300, 0.230, 6513.100, 25.000, 4.002, 25.670],
    [19.100, 32.300, 6.400, 254.000, 1010.500, 2.170, 5.370, 0.209, 0.165, 7047.700, 19.200, 3.611, 36.827],
    [15.200, 39.400, 1.000, 305.100, 818.300, 1.350, 2.160, 0.303, 0.206, 6044.400, 18.000, 4.011, 25.411],
    [21.300, 36.800, 8.000, 185.600, 1109.100, 2.920, 5.290, 0.155, 0.076, 7921.300, 16.800, 2.864, 58.179],
    [19.600, 38.900, 8.000, 190.000, 1011.100, 2.710, 4.730, 0.174, 0.084, 7459.000, 20.500, 2.892, 57.377],
    [21.300, 44.200, 2.100, 178.000, 1048.000, 2.800, 5.100, 0.150, 0.090, 7760.000, 27.000, 2.156, 78.397],
    [18.000, 32.200, 4.600, 288.700, 881.300, 2.050, 3.180, 0.251, 0.202, 7065.600, 28.300, 3.770, 32.272],
    [22.800, 41.700, 6.600, 155.800, 1113.900, 3.190, 5.580, 0.110, 0.060, 8202.100, 18.700, 2.324, 73.598],
    [17.800, 40.600, 2.500, 241.400, 884.900, 1.710, 3.960, 0.257, 0.201, 6595.900, 17.100, 3.581, 37.695],
    [17.000, 34.300, 6.000, 278.000, 855.000, 1.500, 3.000, 0.260, 0.170, 6480.000, 18.900, 3.984, 26.176],
    [15.500, 37.400, 1.200, 288.300, 804.200, 1.150, 2.310, 0.320, 0.229, 6208.200, 22.200, 4.016, 25.268],
    [16.500, 32.900, 6.600, 288.000, 838.000, 1.300, 2.800, 0.280, 0.190, 6330.000, 18.200, 4.250, 18.566],
    [15.700, 41.500, 2.700, 301.100, 841.500, 1.400, 4.370, 0.312, 0.230, 6030.300, 26.500, 3.726, 33.545],
    [22.000, 35.800, 5.700, 140.600, 1123.500, 3.100, 5.830, 0.154, 0.105, 7953.800, 29.200, 2.378, 72.059],
    [18.500, 41.300, 2.500, 214.700, 929.200, 1.820, 3.170, 0.251, 0.195, 6789.000, 25.200, 3.271, 46.536],
    [15.000, 31.000, 2.700, 325.000, 786.800, 1.200, 2.980, 0.320, 0.230, 6238.500, 17.800, 4.450, 12.846],
    [17.800, 31.400, 6.600, 243.800, 891.100, 2.020, 4.050, 0.247, 0.200, 6931.600, 25.800, 3.768, 32.343],
    [22.800, 47.400, 8.000, 140.000, 1125.200, 3.310, 4.870, 0.129, 0.060, 8228.700, 25.600, 2.065, 81.009],
    [21.900, 43.800, 4.000, 190.100, 1114.900, 3.240, 6.090, 0.158, 0.102, 8117.600, 23.900, 2.287, 74.645],
    [15.700, 30.500, 1.000, 323.100, 785.000, 1.120, 2.390, 0.292, 0.230, 6021.900, 22.200, 4.293, 17.335],
    [17.300, 40.100, 4.400, 237.100, 869.800, 1.700, 2.880, 0.243, 0.194, 6824.700, 18.500, 3.677, 34.945],
    [22.500, 38.900, 8.000, 140.000, 1094.400, 3.500, 6.420, 0.110, 0.060, 8165.000, 27.700, 2.119, 79.467],
    [18.500, 38.800, 7.900, 251.400, 981.000, 1.970, 4.510, 0.244, 0.147, 7168.400, 23.000, 3.428, 42.067],
    [20.500, 43.700, 5.300, 170.100, 1068.900, 2.570, 5.180, 0.182, 0.138, 7730.500, 28.300, 2.525, 67.856],
    [15.800, 36.700, 4.800, 272.800, 813.900, 1.220, 4.320, 0.315, 0.230, 6399.900, 25.400, 3.908, 28.353],
    [21.900, 40.600, 5.600, 191.600, 1140.700, 3.210, 4.900, 0.114, 0.060, 7806.000, 26.500, 2.307, 74.088],
    [21.500, 34.600, 4.300, 177.500, 1102.900, 3.010, 5.230, 0.150, 0.066, 7660.800, 16.800, 2.690, 63.151],
    [16.400, 32.800, 6.300, 259.900, 847.700, 1.420, 2.530, 0.271, 0.230, 6334.300, 23.800, 4.184, 20.445],
    [16.600, 38.400, 1.000, 316.500, 883.000, 1.450, 3.140, 0.262, 0.203, 6664.000, 17.700, 3.877, 29.215],
    [20.800, 37.300, 5.500, 194.300, 1033.400, 2.670, 3.680, 0.181, 0.086, 7691.200, 17.400, 2.966, 55.271],
    [21.400, 33.700, 3.700, 190.600, 1057.400, 3.130, 4.550, 0.167, 0.120, 7881.500, 23.300, 2.820, 59.423],
    [18.500, 38.100, 4.200, 239.000, 922.000, 1.800, 3.700, 0.220, 0.140, 7090.000, 22.300, 3.278, 46.337],
    [21.800, 36.600, 4.300, 179.100, 1116.900, 3.150, 5.660, 0.122, 0.060, 7728.600, 28.000, 2.244, 75.893],
    [19.300, 35.300, 5.400, 213.600, 986.200, 2.320, 3.480, 0.192, 0.119, 7370.300, 20.600, 3.227, 47.801],
    [18.500, 44.500, 4.000, 233.300, 920.100, 2.030, 3.650, 0.211, 0.149, 6970.100, 25.800, 3.001, 54.249],
    [16.600, 41.100, 4.300, 280.100, 821.600, 1.340, 3.270, 0.269, 0.179, 6255.900, 21.100, 3.709, 34.039],
    [18.300, 39.000, 3.800, 248.500, 923.500, 2.000, 5.190, 0.213, 0.115, 6804.800, 26.800, 2.929, 56.307],
    [19.500, 32.400, 3.300, 218.100, 989.500, 2.380, 4.060, 0.204, 0.155, 7138.400, 27.600, 3.161, 49.677],
    [19.900, 39.600, 5.100, 212.000, 962.600, 2.290, 4.240, 0.170, 0.122, 7441.000, 28.800, 2.790, 60.274],
    [19.400, 35.600, 2.300, 220.100, 944.300, 2.240, 3.430, 0.229, 0.143, 7106.900, 18.800, 3.286, 46.109],
    [20.100, 42.000, 8.000, 233.200, 978.700, 2.610, 4.970, 0.201, 0.118, 7555.100, 20.600, 3.056, 52.686],
    [18.100, 32.000, 1.000, 226.200, 899.800, 1.710, 4.190, 0.240, 0.159, 7071.700, 20.900, 3.368, 43.783],
    [17.800, 40.400, 7.700, 237.200, 874.700, 1.690, 4.370, 0.255, 0.187, 6626.600, 22.600, 3.600, 37.149],
    [16.900, 30.000, 3.300, 264.600, 844.600, 1.680, 2.860, 0.257, 0.172, 6482.900, 26.400, 3.747, 32.933],
    [22.900, 41.800, 7.400, 176.100, 1124.000, 3.220, 6.110, 0.110, 0.060, 8250.000, 19.100, 2.360, 72.583],
    [18.600, 40.900, 2.300, 217.800, 944.700, 2.340, 4.380, 0.235, 0.140, 6915.300, 28.600, 2.812, 59.666],
    [18.600, 40.200, 7.500, 240.900, 909.200, 2.130, 5.050, 0.221, 0.179, 6824.900, 21.200, 3.468, 40.913],
    [18.000, 43.200, 2.900, 265.900, 930.600, 1.820, 3.540, 0.251, 0.205, 6754.900, 19.700, 3.548, 38.642],
    [19.000, 34.100, 2.700, 249.000, 1012.300, 1.990, 3.830, 0.208, 0.129, 7140.400, 23.700, 3.221, 47.984],
    [21.100, 41.300, 4.800, 199.000, 1083.700, 2.910, 4.020, 0.167, 0.090, 7812.500, 18.300, 2.751, 61.408],
    [18.700, 40.900, 4.100, 249.500, 973.700, 2.300, 3.790, 0.224, 0.134, 7236.400, 28.000, 2.995, 54.420],
    [15.900, 30.800, 1.000, 325.000, 830.100, 1.540, 3.220, 0.307, 0.230, 6259.000, 18.000, 4.295, 17.274],
    [17.800, 35.400, 5.700, 242.600, 909.600, 1.780, 3.210, 0.253, 0.155, 6829.000, 17.000, 3.741, 33.117],
    [17.100, 41.400, 1.000, 285.900, 907.500, 1.800, 4.160, 0.278, 0.196, 6662.700, 24.400, 3.401, 42.815],
    [21.000, 33.500, 8.000, 199.100, 1086.600, 2.880, 4.850, 0.147, 0.080, 7700.500, 19.300, 3.003, 54.208],
    [16.900, 37.700, 1.000, 264.200, 835.300, 1.450, 3.580, 0.284, 0.230, 6628.000, 20.600, 3.767, 32.368],
    [20.900, 41.000, 8.000, 181.300, 1002.700, 2.570, 4.490, 0.180, 0.098, 7601.800, 22.500, 2.811, 59.678],
    [16.700, 30.000, 2.400, 298.700, 875.700, 1.570, 3.250, 0.270, 0.178, 6252.300, 20.000, 3.999, 25.732],
    [16.800, 30.000, 5.500, 250.300, 834.700, 1.450, 4.050, 0.276, 0.230, 6720.400, 25.800, 3.994, 25.892],
    [21.700, 36.800, 8.000, 188.600, 1112.400, 3.050, 4.860, 0.136, 0.060, 7731.800, 28.600, 2.517, 68.094],
    [15.400, 32.300, 1.000, 296.700, 786.900, 1.000, 2.160, 0.285, 0.225, 6075.400, 21.700, 4.180, 20.578],
    [17.100, 37.300, 2.400, 282.400, 905.900, 1.360, 3.700, 0.261, 0.216, 6415.200, 19.200, 3.870, 29.430],
    [18.000, 32.300, 1.700, 269.700, 910.700, 1.750, 4.400, 0.222, 0.140, 7031.900, 21.900, 3.384, 43.319],
    [20.300, 43.500, 8.000, 169.200, 1007.900, 2.730, 4.120, 0.162, 0.118, 7708.700, 18.400, 2.897, 57.217],
    [22.100, 42.000, 8.000, 174.100, 1090.100, 3.220, 4.850, 0.149, 0.088, 7827.600, 17.700, 2.707, 62.656],
    [19.700, 41.900, 6.800, 224.800, 993.800, 2.340, 4.680, 0.199, 0.137, 7486.400, 16.300, 3.217, 48.088],
    [15.300, 30.500, 7.800, 320.000, 790.000, 1.000, 2.000, 0.320, 0.230, 6050.000, 16.200, 4.847, 1.517],
    [19.300, 39.200, 3.800, 228.000, 955.000, 2.000, 3.900, 0.200, 0.130, 7280.000, 23.700, 3.042, 53.074],
    [16.700, 40.800, 2.100, 297.700, 866.600, 1.610, 2.590, 0.271, 0.215, 6594.100, 17.000, 3.919, 28.016],
    [15.800, 36.800, 4.100, 313.700, 833.000, 1.110, 2.040, 0.310, 0.230, 6048.300, 29.400, 4.090, 23.135],
    [15.800, 37.500, 2.300, 325.000, 828.600, 1.440, 3.630, 0.288, 0.230, 6166.500, 24.500, 3.965, 26.723],
    [15.200, 34.300, 1.000, 289.700, 785.000, 1.110, 2.940, 0.292, 0.230, 6110.000, 18.800, 4.136, 21.840],
    [17.200, 30.000, 1.000, 251.200, 890.100, 1.600, 3.620, 0.268, 0.178, 6501.300, 16.100, 3.835, 30.428],
    [20.000, 33.600, 8.000, 190.900, 1021.000, 2.590, 4.160, 0.203, 0.121, 7225.900, 26.700, 3.129, 50.612],
    [15.400, 36.000, 2.100, 288.100, 785.000, 1.200, 3.230, 0.292, 0.222, 6253.300, 27.000, 3.847, 30.073],
    [21.800, 45.500, 1.600, 162.000, 1090.000, 3.000, 5.600, 0.140, 0.080, 7920.000, 28.000, 1.898, 85.764],
    [22.200, 35.300, 8.000, 153.100, 1145.000, 3.090, 4.770, 0.150, 0.060, 8151.800, 19.500, 2.670, 63.712],
    [20.300, 46.300, 8.000, 231.100, 1016.100, 2.800, 5.320, 0.184, 0.100, 7642.000, 21.500, 2.762, 61.080],
    [19.500, 40.300, 4.000, 206.100, 948.300, 2.500, 4.480, 0.215, 0.126, 7403.000, 22.500, 2.892, 57.367],
    [20.800, 34.500, 3.600, 164.900, 1048.700, 2.670, 3.500, 0.165, 0.107, 7625.700, 23.800, 2.795, 60.142],
    [18.900, 37.300, 3.500, 254.200, 992.900, 2.350, 3.500, 0.193, 0.094, 7259.500, 26.100, 2.956, 55.540],
    [19.900, 42.300, 4.000, 213.000, 971.000, 2.480, 5.310, 0.195, 0.123, 7285.700, 21.000, 2.802, 59.936],
    [20.800, 37.600, 5.400, 209.200, 1081.700, 2.770, 5.290, 0.158, 0.060, 7441.600, 24.100, 2.581, 66.249],
    [19.300, 43.000, 2.800, 215.200, 1001.100, 2.520, 4.360, 0.229, 0.138, 7194.300, 17.400, 3.000, 54.280],
    [18.800, 42.500, 4.100, 243.000, 938.700, 2.230, 4.040, 0.214, 0.119, 7058.500, 26.400, 2.899, 57.169],
    [19.700, 41.500, 7.800, 217.100, 964.800, 2.420, 4.290, 0.203, 0.106, 7362.100, 26.000, 2.915, 56.705],
    [19.000, 38.700, 3.600, 226.000, 952.000, 2.000, 3.900, 0.200, 0.130, 7260.000, 23.400, 3.056, 52.688],
    [20.000, 45.000, 5.700, 183.200, 1038.900, 2.860, 3.660, 0.193, 0.105, 7494.500, 27.400, 2.566, 66.687],
    [20.400, 44.100, 8.000, 226.300, 990.500, 2.700, 5.370, 0.190, 0.110, 7551.300, 19.000, 2.932, 56.224],
    [22.900, 39.000, 8.000, 158.200, 1120.700, 3.500, 4.530, 0.110, 0.060, 8250.000, 27.400, 2.309, 74.041],
    [15.100, 35.900, 1.500, 300.700, 826.100, 1.040, 2.370, 0.317, 0.230, 6000.000, 19.700, 4.202, 19.937],
    [16.000, 34.200, 4.600, 290.100, 838.600, 1.480, 3.360, 0.297, 0.230, 6034.300, 21.700, 4.182, 20.515],
    [19.200, 42.100, 2.300, 239.800, 960.300, 2.150, 3.910, 0.214, 0.128, 7411.000, 27.800, 2.794, 60.179],
    [15.000, 36.400, 1.000, 319.600, 785.000, 1.000, 2.000, 0.313, 0.230, 6000.000, 28.900, 4.008, 25.493],
    [20.600, 44.000, 7.200, 204.400, 1012.900, 2.550, 3.360, 0.177, 0.130, 7733.000, 22.900, 2.953, 55.642],
    [18.100, 38.800, 3.800, 266.600, 919.800, 1.830, 3.910, 0.234, 0.192, 7098.000, 29.200, 3.351, 44.259],
    [22.800, 41.900, 8.000, 176.900, 1145.000, 3.440, 5.120, 0.129, 0.064, 8250.000, 18.700, 2.495, 68.715],
    [19.700, 40.200, 3.300, 212.000, 985.000, 2.300, 4.100, 0.180, 0.120, 7380.000, 24.600, 2.810, 59.705],
    [20.700, 43.100, 2.500, 188.000, 1025.000, 2.700, 4.700, 0.160, 0.100, 7600.000, 26.600, 2.357, 72.643],
    [20.900, 46.400, 6.400, 175.100, 1078.800, 2.960, 5.450, 0.168, 0.122, 7529.800, 28.900, 2.383, 71.923],
    [16.700, 30.000, 1.500, 277.800, 890.600, 1.520, 4.450, 0.263, 0.171, 6588.800, 26.400, 3.578, 37.758],
    [17.300, 42.600, 2.400, 297.800, 843.000, 1.510, 4.420, 0.254, 0.178, 6774.700, 20.600, 3.463, 41.071],
    [17.800, 40.500, 2.100, 251.100, 886.600, 2.000, 4.780, 0.257, 0.159, 6724.100, 25.800, 3.099, 51.470],
    [23.000, 46.400, 8.000, 140.000, 1145.000, 3.500, 5.240, 0.110, 0.060, 8229.900, 18.600, 2.214, 76.748],
    [18.900, 43.000, 4.200, 227.300, 943.400, 2.100, 4.580, 0.213, 0.142, 7093.800, 23.800, 2.969, 55.176],
    [15.300, 30.000, 4.900, 325.000, 806.000, 1.160, 2.290, 0.293, 0.228, 6262.600, 16.300, 4.647, 7.227],
    [19.100, 43.300, 5.200, 242.300, 1008.900, 2.130, 3.530, 0.208, 0.143, 7117.500, 28.300, 3.010, 53.995],
    [17.000, 36.700, 1.300, 288.400, 857.400, 1.810, 4.230, 0.270, 0.193, 6530.300, 19.300, 3.680, 34.864],
    [22.400, 46.000, 5.400, 153.200, 1095.500, 3.150, 5.420, 0.141, 0.098, 8039.600, 24.300, 2.203, 77.049],
    [22.600, 47.400, 1.100, 145.000, 1140.000, 3.500, 6.200, 0.110, 0.060, 8200.000, 29.000, 1.519, 96.604],
    [17.900, 33.700, 6.700, 263.900, 872.300, 1.660, 3.630, 0.225, 0.176, 7018.000, 28.100, 3.636, 36.127],
    [18.200, 32.800, 4.900, 239.100, 937.200, 1.820, 3.190, 0.257, 0.167, 6777.300, 16.000, 3.841, 30.250],
    [17.300, 34.400, 3.700, 288.900, 864.500, 1.720, 3.820, 0.241, 0.165, 6515.100, 16.900, 3.825, 30.710],
    [17.200, 30.300, 1.000, 286.300, 878.400, 1.930, 4.200, 0.271, 0.188, 6588.500, 20.000, 3.793, 31.615],
    [17.000, 35.800, 1.000, 277.200, 839.600, 1.810, 4.680, 0.279, 0.180, 6580.300, 29.000, 3.323, 45.062],
    [19.200, 32.000, 1.400, 211.400, 958.300, 2.230, 3.540, 0.190, 0.106, 7368.000, 19.000, 3.107, 51.234],
    [22.500, 42.500, 6.800, 156.400, 1145.000, 3.290, 4.290, 0.125, 0.060, 8219.300, 23.900, 2.287, 74.647],
    [22.900, 37.700, 5.000, 140.000, 1141.500, 3.240, 5.850, 0.110, 0.060, 8078.100, 18.700, 2.299, 74.306],
    [15.300, 36.600, 2.700, 325.000, 829.500, 1.020, 3.800, 0.320, 0.230, 6222.300, 19.400, 4.190, 20.274],
    [17.800, 35.400, 5.000, 260.000, 880.000, 1.600, 3.200, 0.250, 0.160, 6700.000, 19.800, 3.724, 33.595],
    [19.000, 39.100, 5.100, 214.200, 982.800, 2.160, 3.010, 0.221, 0.170, 7301.200, 28.900, 3.180, 49.137],
    [20.600, 39.300, 7.200, 193.800, 1020.700, 2.670, 3.920, 0.180, 0.081, 7406.800, 21.300, 2.875, 57.852],
    [22.700, 41.900, 6.000, 158.400, 1145.000, 3.480, 5.460, 0.127, 0.085, 7925.400, 19.800, 2.397, 71.528],
    [16.500, 39.700, 2.800, 289.300, 823.200, 1.300, 3.700, 0.280, 0.214, 6513.700, 26.300, 3.670, 35.140],
    [19.700, 43.900, 8.000, 193.000, 978.100, 2.290, 4.260, 0.214, 0.172, 7170.700, 22.100, 3.195, 48.706],
    [20.400, 33.300, 8.000, 180.400, 995.700, 2.980, 5.450, 0.196, 0.139, 7567.900, 26.900, 3.009, 54.018],
    [21.400, 44.800, 1.900, 170.000, 1050.000, 2.900, 5.200, 0.150, 0.090, 7800.000, 27.400, 2.076, 80.689],
    [16.700, 33.300, 6.400, 284.000, 842.000, 1.400, 2.900, 0.270, 0.180, 6370.000, 18.300, 4.144, 21.609],
    [21.400, 43.500, 8.000, 143.700, 1023.800, 3.210, 4.370, 0.157, 0.082, 7662.700, 22.000, 2.511, 68.269],
    [15.400, 30.000, 1.900, 325.000, 842.800, 1.000, 3.480, 0.319, 0.225, 6158.400, 24.900, 4.208, 19.760],
    [20.300, 42.200, 8.000, 185.500, 1036.400, 2.650, 3.460, 0.193, 0.107, 7510.000, 16.900, 3.073, 52.189],
    [17.900, 37.900, 7.700, 272.500, 922.400, 2.030, 3.550, 0.244, 0.203, 6908.600, 17.400, 3.981, 26.265],
    [19.400, 38.800, 7.500, 198.800, 1014.800, 2.540, 4.730, 0.198, 0.137, 7327.900, 28.100, 2.961, 55.387],
    [18.900, 37.000, 8.000, 250.300, 1007.200, 2.250, 4.410, 0.203, 0.151, 6856.800, 25.600, 3.402, 42.791],
    [20.900, 34.700, 5.200, 213.100, 1024.900, 2.740, 5.680, 0.152, 0.061, 7656.300, 19.300, 2.744, 61.605],
    [18.600, 40.700, 1.500, 247.300, 938.300, 2.090, 4.420, 0.206, 0.129, 6954.700, 26.700, 2.852, 58.504],
    [20.900, 38.400, 6.000, 204.200, 1073.400, 2.770, 3.840, 0.173, 0.100, 7698.700, 27.200, 2.762, 61.096],
    [19.600, 41.900, 8.000, 239.600, 1002.000, 2.470, 3.940, 0.175, 0.125, 7495.800, 29.500, 2.957, 55.521],
    [18.500, 34.800, 5.900, 238.200, 948.700, 2.030, 3.830, 0.227, 0.144, 7049.800, 21.800, 3.469, 40.876],
    [15.300, 31.500, 1.000, 325.000, 785.100, 1.030, 2.670, 0.319, 0.222, 6209.200, 21.200, 4.262, 18.231],
    [19.100, 33.600, 7.100, 254.700, 959.000, 2.380, 3.390, 0.233, 0.183, 7109.000, 25.000, 3.688, 34.617],
    [21.200, 44.000, 2.000, 175.000, 1045.000, 2.800, 5.000, 0.150, 0.090, 7750.000, 27.100, 2.156, 78.396],
    [17.100, 38.400, 4.600, 277.600, 883.200, 1.530, 4.460, 0.276, 0.180, 6748.600, 24.100, 3.575, 37.871],
    [18.900, 37.500, 4.400, 245.000, 905.000, 1.900, 3.700, 0.210, 0.140, 6950.000, 22.000, 3.319, 45.170],
    [21.800, 41.700, 5.600, 191.900, 1066.400, 3.380, 5.150, 0.137, 0.060, 7864.500, 19.300, 2.447, 70.075],
    [21.400, 42.600, 6.800, 199.000, 1056.200, 2.990, 5.150, 0.148, 0.082, 7732.100, 23.600, 2.534, 67.596],
    [22.400, 48.000, 7.800, 140.000, 1108.000, 3.430, 5.040, 0.110, 0.060, 8219.300, 26.700, 1.979, 83.459],
    [22.700, 40.300, 6.000, 140.000, 1145.000, 3.500, 4.520, 0.110, 0.060, 8002.700, 26.100, 2.176, 77.822],
    [18.600, 35.600, 5.400, 218.700, 977.700, 2.090, 3.740, 0.232, 0.165, 7071.800, 16.800, 3.585, 37.563],
    [19.500, 35.700, 1.600, 234.000, 1000.400, 2.670, 4.530, 0.226, 0.181, 7509.700, 25.700, 3.114, 51.026],
    [15.500, 37.200, 4.400, 308.400, 811.400, 1.120, 3.060, 0.320, 0.230, 6210.800, 21.300, 4.209, 19.729],
    [17.700, 42.700, 5.900, 254.900, 901.100, 1.820, 3.970, 0.267, 0.213, 6608.000, 18.700, 3.736, 33.248],
    [20.400, 42.900, 4.100, 217.500, 995.300, 2.690, 3.620, 0.180, 0.114, 7673.800, 20.700, 2.839, 58.899],
    [21.500, 47.300, 5.500, 168.300, 1084.800, 3.100, 4.070, 0.151, 0.068, 7695.100, 26.500, 2.192, 77.371],
    [21.500, 36.500, 7.500, 195.100, 1096.100, 3.050, 5.150, 0.150, 0.092, 7854.100, 25.300, 2.719, 62.305],
    [21.500, 46.700, 6.300, 202.000, 1049.600, 3.020, 5.140, 0.153, 0.089, 7763.400, 17.700, 2.579, 66.328],
    [20.500, 43.400, 5.600, 230.100, 1037.600, 2.550, 4.650, 0.163, 0.118, 7675.100, 19.600, 2.893, 57.332],
    [16.900, 42.700, 5.800, 281.000, 880.000, 1.670, 3.700, 0.251, 0.191, 6541.500, 17.200, 3.791, 31.685],
    [15.000, 34.100, 1.000, 307.900, 795.600, 1.000, 2.000, 0.320, 0.230, 6238.700, 24.700, 4.138, 21.778],
    [22.800, 46.500, 8.000, 140.000, 1110.700, 3.360, 5.310, 0.113, 0.060, 8238.500, 17.900, 2.239, 76.036],
    [20.500, 39.900, 8.000, 196.300, 1025.100, 2.580, 4.820, 0.194, 0.120, 7632.800, 16.900, 3.112, 51.098],
    [16.400, 32.500, 1.100, 320.500, 812.000, 1.590, 3.660, 0.286, 0.216, 6221.500, 17.200, 4.140, 21.712],
    [15.500, 30.000, 1.800, 325.000, 785.000, 1.200, 2.800, 0.305, 0.230, 6314.300, 21.700, 4.320, 16.563],
    [16.100, 35.600, 4.400, 270.300, 813.800, 1.530, 4.090, 0.310, 0.230, 6153.300, 23.400, 3.970, 26.559],
    [21.500, 39.900, 7.100, 170.700, 1041.000, 2.900, 4.680, 0.138, 0.095, 7965.600, 29.200, 2.471, 69.414],
    [15.800, 37.200, 2.200, 325.000, 795.200, 1.330, 3.970, 0.317, 0.230, 6223.900, 24.300, 3.975, 26.441],
    [18.700, 35.500, 3.600, 262.700, 922.300, 2.120, 3.840, 0.242, 0.172, 6928.200, 29.500, 3.331, 44.843],
    [21.600, 41.200, 8.000, 193.800, 1050.600, 3.300, 5.720, 0.169, 0.116, 7722.600, 22.200, 2.745, 61.565],
    [15.800, 30.000, 1.000, 325.000, 836.600, 1.290, 2.500, 0.281, 0.190, 6396.400, 19.700, 4.153, 21.347],
    [20.300, 40.100, 4.500, 200.300, 988.300, 2.680, 5.590, 0.168, 0.087, 7371.000, 23.200, 2.578, 66.338],
    [16.500, 30.300, 3.800, 323.600, 829.800, 1.660, 3.320, 0.256, 0.168, 6535.800, 20.400, 4.038, 24.635],
    [17.900, 35.100, 7.500, 274.000, 908.800, 2.040, 4.710, 0.232, 0.153, 6804.500, 27.900, 3.486, 40.408],
    [16.300, 34.300, 4.800, 306.400, 881.800, 1.190, 2.440, 0.263, 0.179, 6313.800, 18.200, 4.153, 21.355],
    [16.200, 35.300, 5.700, 271.500, 844.900, 1.400, 4.130, 0.291, 0.193, 6157.000, 17.300, 4.041, 24.529],
    [17.500, 42.300, 1.000, 256.800, 885.900, 1.780, 4.650, 0.269, 0.223, 6660.200, 23.500, 3.376, 43.539],
    [16.700, 30.000, 6.100, 312.100, 862.100, 1.500, 4.080, 0.289, 0.229, 6555.600, 26.400, 4.199, 20.027],
    [17.700, 33.800, 4.400, 275.900, 898.700, 1.860, 4.360, 0.225, 0.177, 6871.900, 28.200, 3.497, 40.077],
    [20.200, 41.100, 7.500, 179.100, 1011.800, 2.550, 4.840, 0.188, 0.126, 7349.700, 29.300, 2.729, 62.034],
    [19.600, 37.000, 4.300, 204.900, 1001.200, 2.290, 4.110, 0.186, 0.091, 7287.200, 24.100, 2.841, 58.830],
    [22.100, 46.300, 1.500, 160.000, 1100.000, 3.100, 5.800, 0.130, 0.080, 8000.000, 28.200, 1.817, 88.094],
    [22.400, 39.200, 8.000, 168.100, 1114.200, 3.200, 5.000, 0.111, 0.060, 8080.600, 21.700, 2.486, 68.977],
    [15.000, 30.000, 1.000, 314.000, 819.300, 1.060, 4.230, 0.320, 0.230, 6168.900, 25.000, 4.095, 23.009],
    [16.400, 39.500, 1.000, 295.800, 877.700, 1.180, 3.970, 0.287, 0.230, 6445.500, 27.600, 3.637, 36.090],
    [22.200, 41.500, 6.600, 140.900, 1113.800, 3.060, 4.140, 0.110, 0.060, 7928.700, 28.600, 2.184, 77.605],
    [20.500, 44.600, 8.000, 183.900, 1071.600, 2.540, 5.430, 0.175, 0.107, 7480.000, 18.700, 2.791, 60.271],
    [22.400, 34.700, 7.600, 177.900, 1127.400, 3.500, 4.980, 0.110, 0.060, 8245.300, 20.000, 2.636, 64.690],
    [18.700, 32.300, 8.000, 208.800, 934.300, 2.360, 3.990, 0.202, 0.156, 7068.700, 21.700, 3.554, 38.443],
    [18.300, 39.500, 5.000, 222.000, 975.800, 2.160, 3.610, 0.254, 0.163, 6760.700, 25.700, 3.275, 46.431],
    [20.500, 41.900, 8.000, 232.400, 1002.700, 2.930, 4.130, 0.152, 0.078, 7676.700, 16.300, 2.989, 54.599],
    [18.000, 43.200, 5.500, 231.100, 937.400, 1.990, 4.000, 0.265, 0.176, 6771.700, 29.300, 3.173, 49.339],
    [22.500, 36.800, 8.000, 163.000, 1138.300, 3.400, 4.810, 0.110, 0.060, 8149.100, 18.400, 2.620, 65.150],
    [19.700, 38.100, 1.900, 235.200, 954.900, 2.560, 5.290, 0.203, 0.115, 7565.800, 26.300, 2.697, 62.951],
    [21.100, 41.200, 6.200, 170.800, 1068.500, 3.130, 4.470, 0.143, 0.060, 7806.400, 18.800, 2.537, 67.509],
    [21.000, 39.000, 8.000, 151.700, 1080.600, 2.620, 4.600, 0.153, 0.063, 7912.700, 20.300, 2.638, 64.628],
    [20.100, 37.400, 3.800, 210.900, 981.000, 2.860, 4.930, 0.179, 0.103, 7630.000, 26.400, 2.666, 63.823],
    [16.200, 30.000, 3.400, 314.800, 877.900, 1.210, 4.280, 0.267, 0.222, 6440.200, 16.900, 4.293, 17.333],
    [15.800, 34.100, 1.000, 297.400, 834.200, 1.370, 4.210, 0.288, 0.224, 6086.000, 29.400, 3.735, 33.290],
    [21.300, 45.300, 8.000, 207.000, 1044.300, 3.150, 6.140, 0.163, 0.064, 7799.700, 19.500, 2.491, 68.827],
    [16.900, 40.500, 2.400, 264.200, 893.100, 1.470, 4.340, 0.268, 0.188, 6679.500, 18.800, 3.551, 38.533],
    [22.000, 42.000, 8.000, 189.000, 1115.200, 3.260, 4.530, 0.143, 0.079, 8029.200, 17.400, 2.723, 62.195],
    [19.400, 39.600, 3.700, 221.000, 957.000, 2.000, 3.800, 0.200, 0.130, 7310.000, 23.900, 3.004, 54.160],
    [22.300, 43.000, 8.000, 182.600, 1123.700, 3.220, 4.330, 0.140, 0.063, 8066.500, 28.100, 2.340, 73.135],
    [21.100, 44.800, 7.600, 172.100, 1040.200, 2.780, 3.710, 0.154, 0.098, 7902.200, 23.500, 2.626, 64.977],
    [15.900, 33.000, 1.600, 321.100, 855.000, 1.020, 2.230, 0.286, 0.230, 6157.800, 22.400, 4.240, 18.861],
    [22.400, 35.400, 8.000, 144.900, 1140.600, 3.500, 4.830, 0.141, 0.060, 7971.100, 21.400, 2.564, 66.734],
    [21.900, 44.100, 8.000, 186.200, 1132.000, 3.040, 5.100, 0.117, 0.060, 7809.600, 26.300, 2.313, 73.907],
    [16.000, 41.500, 5.100, 300.600, 836.800, 1.330, 2.320, 0.276, 0.230, 6315.500, 23.300, 4.034, 24.732],
    [18.100, 39.000, 2.500, 223.600, 897.900, 2.050, 4.320, 0.257, 0.171, 7052.200, 25.500, 3.143, 50.201],
    [17.600, 38.500, 5.700, 239.400, 872.300, 1.660, 2.790, 0.237, 0.159, 6604.000, 20.700, 3.611, 36.838],
    [22.200, 41.700, 7.100, 149.500, 1145.000, 3.500, 5.990, 0.114, 0.060, 7992.400, 27.900, 2.069, 80.879],
    [21.100, 44.900, 6.200, 159.300, 1058.500, 2.740, 4.440, 0.156, 0.112, 7655.200, 17.500, 2.697, 62.952],
    [18.100, 42.700, 1.500, 262.600, 895.600, 1.730, 4.570, 0.239, 0.194, 7061.000, 23.300, 3.235, 47.579],
    [16.800, 34.500, 6.300, 251.200, 816.600, 1.530, 4.630, 0.253, 0.171, 6302.100, 25.700, 3.627, 36.360],
    [18.500, 38.200, 4.100, 240.000, 920.000, 1.800, 3.600, 0.220, 0.140, 6900.000, 21.300, 3.322, 45.097],
    [17.200, 36.200, 4.900, 252.200, 894.400, 1.510, 3.960, 0.255, 0.215, 6623.200, 16.600, 3.951, 27.115],
    [17.100, 30.300, 7.100, 293.100, 911.200, 1.790, 2.860, 0.272, 0.200, 6759.700, 20.600, 4.255, 18.431],
    [22.000, 39.000, 5.500, 142.100, 1145.000, 3.080, 4.550, 0.120, 0.060, 8169.400, 23.500, 2.297, 74.366],
    [22.900, 46.800, 7.800, 172.600, 1137.200, 3.500, 5.610, 0.129, 0.060, 8008.700, 22.600, 2.187, 77.515],
    [21.300, 37.800, 8.000, 202.700, 1067.500, 2.820, 5.850, 0.166, 0.101, 7695.400, 17.000, 2.971, 55.113],
    [17.500, 31.000, 6.200, 272.500, 867.200, 1.580, 4.000, 0.271, 0.218, 6632.200, 25.500, 4.006, 25.536],
    [19.400, 37.000, 8.000, 245.200, 955.600, 2.300, 3.740, 0.219, 0.139, 7356.200, 19.400, 3.514, 39.613],
    [22.600, 35.200, 7.000, 174.800, 1101.400, 3.400, 6.210, 0.110, 0.060, 8056.400, 28.500, 2.285, 74.725],
    [17.800, 38.000, 7.200, 288.700, 949.900, 1.950, 3.930, 0.239, 0.150, 6861.400, 18.200, 3.737, 33.226],
    [19.200, 36.300, 3.600, 253.100, 952.300, 2.070, 5.260, 0.227, 0.170, 7231.900, 17.100, 3.441, 41.675],
    [16.600, 38.900, 4.300, 306.200, 896.800, 1.310, 4.080, 0.283, 0.185, 6436.000, 27.400, 3.645, 35.857],
    [22.500, 40.300, 8.000, 177.300, 1108.300, 3.500, 5.850, 0.110, 0.060, 8079.600, 17.700, 2.494, 68.745],
    [17.300, 31.600, 1.000, 290.300, 899.200, 1.870, 4.440, 0.247, 0.153, 6662.600, 26.900, 3.402, 42.803],
    [22.100, 34.700, 6.500, 189.500, 1118.500, 3.260, 5.630, 0.134, 0.060, 8015.200, 19.500, 2.636, 64.682],
    [16.800, 31.900, 2.500, 289.000, 872.400, 1.400, 4.130, 0.263, 0.215, 6661.700, 28.900, 3.747, 32.941],
    [20.800, 45.300, 8.000, 204.800, 1021.000, 2.960, 5.560, 0.169, 0.086, 7557.000, 22.400, 2.591, 65.964],
    [15.900, 37.700, 1.500, 269.400, 801.500, 1.490, 2.300, 0.278, 0.196, 6165.200, 21.100, 3.799, 31.452],
    [19.200, 39.000, 3.800, 224.000, 953.000, 2.100, 3.900, 0.190, 0.120, 7270.000, 23.600, 2.986, 54.700],
    [20.700, 41.200, 8.000, 212.600, 1077.900, 2.910, 3.710, 0.176, 0.133, 7506.200, 16.800, 3.231, 47.697],
    [16.700, 30.600, 6.600, 276.700, 868.700, 1.490, 3.250, 0.292, 0.230, 6483.700, 26.600, 4.178, 20.617],
    [16.300, 30.000, 1.000, 292.400, 826.600, 1.570, 2.630, 0.304, 0.230, 6521.000, 24.100, 4.082, 23.372],
    [15.600, 30.800, 2.900, 302.700, 861.900, 1.050, 2.460, 0.320, 0.230, 6170.600, 28.300, 4.176, 20.673],
    [16.000, 31.700, 5.900, 289.500, 851.900, 1.320, 2.890, 0.289, 0.230, 6201.200, 24.700, 4.269, 18.042],
    [15.500, 41.400, 2.900, 325.000, 787.900, 1.230, 3.700, 0.311, 0.230, 6105.400, 20.700, 4.018, 25.203],
    [18.600, 35.900, 6.800, 266.900, 983.300, 2.160, 4.660, 0.246, 0.196, 6826.200, 18.700, 3.816, 30.971],
    [18.700, 33.600, 5.800, 239.600, 966.700, 1.970, 4.530, 0.228, 0.183, 7190.100, 28.400, 3.429, 42.029],
    [18.100, 37.300, 1.100, 272.300, 877.500, 2.110, 3.660, 0.216, 0.136, 7048.400, 16.200, 3.371, 43.685],
    [18.400, 30.700, 6.300, 248.900, 948.700, 1.970, 3.080, 0.244, 0.145, 6966.500, 18.300, 3.819, 30.883],
    [15.500, 31.500, 7.000, 305.000, 815.000, 1.200, 2.400, 0.290, 0.200, 6180.000, 17.100, 4.505, 11.298],
    [17.500, 36.000, 6.000, 260.400, 870.500, 1.920, 4.130, 0.273, 0.224, 6740.500, 22.400, 3.880, 29.130],
    [21.800, 44.500, 6.800, 145.600, 1053.600, 3.290, 5.450, 0.153, 0.084, 7759.400, 17.700, 2.439, 70.312],
    [15.300, 38.500, 2.300, 289.200, 786.200, 1.220, 3.830, 0.303, 0.230, 6039.500, 26.700, 3.808, 31.204],
    [21.900, 42.400, 5.900, 178.300, 1096.000, 3.210, 5.320, 0.139, 0.077, 8044.000, 17.100, 2.515, 68.142],
    [19.800, 36.500, 3.600, 190.400, 967.000, 2.590, 4.480, 0.202, 0.136, 7248.600, 27.100, 2.850, 58.572],
    [17.500, 30.300, 1.400, 279.300, 884.000, 1.850, 3.520, 0.265, 0.198, 6668.000, 28.600, 3.654, 35.604],
    [17.800, 43.600, 3.000, 244.500, 879.100, 1.740, 3.080, 0.233, 0.182, 6701.500, 18.300, 3.456, 41.264],
    [22.800, 48.000, 8.000, 166.300, 1145.000, 3.370, 5.990, 0.110, 0.060, 8085.800, 17.600, 2.233, 76.195],
    [18.000, 36.900, 4.800, 250.000, 910.000, 1.700, 3.400, 0.230, 0.150, 7000.000, 20.600, 3.514, 39.598],
    [22.200, 41.700, 8.000, 140.000, 1071.200, 3.460, 6.030, 0.119, 0.060, 7845.800, 17.500, 2.372, 72.224],
    [18.800, 44.000, 7.700, 269.600, 954.400, 2.260, 3.650, 0.228, 0.163, 7225.000, 22.500, 3.420, 42.284],
    [19.900, 41.200, 3.000, 208.000, 988.000, 2.300, 4.200, 0.180, 0.110, 7420.000, 25.100, 2.686, 63.249],
    [21.400, 46.700, 8.000, 164.800, 1062.400, 2.800, 5.950, 0.138, 0.060, 7733.700, 25.400, 2.183, 77.633],
    [18.300, 31.900, 3.400, 275.000, 946.400, 1.860, 3.440, 0.235, 0.171, 7061.600, 27.000, 3.561, 38.251],
    [17.900, 35.700, 1.300, 272.000, 937.000, 1.710, 3.430, 0.243, 0.202, 6719.600, 26.300, 3.534, 39.023],
    [22.400, 46.000, 4.700, 140.000, 1136.500, 3.490, 4.690, 0.110, 0.060, 8111.000, 27.400, 1.896, 85.841],
    [22.700, 36.300, 5.500, 140.000, 1126.100, 3.400, 6.370, 0.129, 0.084, 8118.400, 27.400, 2.203, 77.059],
    [17.900, 30.900, 7.700, 236.000, 952.500, 1.930, 4.850, 0.241, 0.182, 6818.100, 21.900, 3.789, 31.755],
    [20.700, 34.200, 6.200, 178.600, 1078.500, 2.770, 5.340, 0.172, 0.129, 7656.400, 28.800, 2.789, 60.322],
    [16.200, 38.300, 4.500, 325.000, 827.500, 1.270, 4.230, 0.266, 0.167, 6551.800, 25.000, 3.689, 34.603],
    [18.500, 32.800, 7.000, 226.200, 933.400, 1.910, 3.590, 0.229, 0.160, 6937.500, 27.300, 3.509, 39.732],
    [18.200, 38.900, 1.300, 278.000, 900.800, 2.170, 4.050, 0.226, 0.158, 7092.000, 22.700, 3.241, 47.393],
    [21.700, 39.600, 8.000, 198.000, 1087.000, 3.290, 6.360, 0.125, 0.071, 8058.300, 23.900, 2.461, 69.691],
    [18.000, 30.800, 1.000, 285.500, 901.200, 1.740, 4.530, 0.217, 0.142, 6746.000, 20.700, 3.485, 40.416],
    [21.000, 35.200, 4.000, 208.600, 1017.300, 3.010, 4.090, 0.156, 0.071, 7551.800, 27.000, 2.613, 65.357],
    [20.900, 43.900, 2.300, 182.000, 1040.000, 2.800, 5.000, 0.160, 0.100, 7700.000, 26.900, 2.258, 75.493],
    [21.800, 38.800, 8.000, 151.900, 1049.400, 3.220, 4.600, 0.136, 0.078, 7792.100, 28.400, 2.435, 70.417],
    [21.400, 37.200, 7.900, 151.700, 1035.000, 3.190, 5.830, 0.160, 0.095, 7669.300, 18.100, 2.757, 61.242],
    [21.900, 44.900, 8.000, 180.300, 1116.800, 3.150, 4.200, 0.160, 0.086, 7779.800, 25.100, 2.512, 68.235],
    [18.200, 36.700, 4.600, 249.000, 910.000, 1.800, 3.400, 0.220, 0.150, 7010.000, 21.100, 3.474, 40.729],
    [15.200, 33.000, 1.000, 325.000, 785.000, 1.000, 2.790, 0.320, 0.230, 6128.600, 17.200, 4.356, 15.530],
    [22.200, 45.600, 6.100, 140.000, 1069.600, 3.130, 5.390, 0.127, 0.063, 8178.800, 28.100, 1.955, 84.155],
    [16.400, 36.300, 1.000, 285.800, 840.600, 1.500, 3.030, 0.282, 0.200, 6377.100, 19.800, 3.832, 30.504],
    [20.500, 38.200, 3.900, 186.400, 1006.200, 2.740, 3.880, 0.171, 0.106, 7418.500, 16.600, 2.938, 56.069],
    [16.600, 33.100, 6.500, 285.000, 840.000, 1.400, 2.800, 0.270, 0.180, 6350.000, 18.300, 4.168, 20.902],
    [21.400, 34.900, 6.800, 174.800, 1042.500, 3.190, 4.460, 0.135, 0.060, 7895.500, 16.400, 2.802, 59.936],
    [22.800, 46.300, 8.000, 140.000, 1105.200, 3.340, 4.670, 0.110, 0.060, 8075.000, 22.200, 2.194, 77.300],
    [16.300, 34.500, 5.800, 321.500, 870.800, 1.280, 3.130, 0.277, 0.225, 6193.400, 18.500, 4.382, 14.791],
    [16.400, 40.300, 2.100, 325.000, 826.500, 1.190, 3.090, 0.282, 0.224, 6185.200, 21.800, 3.961, 26.833],
    [16.900, 33.500, 6.300, 284.200, 915.500, 1.560, 4.100, 0.283, 0.230, 6504.600, 17.600, 4.250, 18.577],
    [21.100, 38.300, 8.000, 199.200, 1093.000, 3.090, 5.160, 0.154, 0.067, 7616.000, 23.600, 2.670, 63.718],
    [20.600, 42.900, 2.700, 192.000, 1005.000, 2.600, 4.600, 0.170, 0.110, 7520.000, 26.200, 2.467, 69.505],
    [16.600, 33.000, 4.700, 254.700, 901.900, 1.340, 2.470, 0.287, 0.190, 6437.400, 19.600, 4.040, 24.569],
    [20.900, 37.000, 8.000, 169.700, 1037.600, 2.740, 5.010, 0.167, 0.082, 7556.900, 29.000, 2.601, 65.688],
    [18.500, 32.400, 8.000, 257.700, 928.600, 2.050, 3.450, 0.235, 0.182, 7006.200, 25.600, 3.796, 31.547],
    [22.600, 37.500, 8.000, 161.900, 1111.200, 3.160, 5.150, 0.110, 0.060, 8197.000, 29.200, 2.301, 74.254],
    [18.400, 34.000, 2.600, 275.300, 918.500, 2.120, 3.360, 0.233, 0.165, 7145.100, 24.200, 3.487, 40.377],
    [21.300, 45.900, 5.700, 210.500, 1069.900, 2.720, 5.270, 0.177, 0.135, 7832.900, 20.100, 2.752, 61.368],
    [22.800, 42.600, 6.700, 168.400, 1113.700, 3.210, 5.260, 0.118, 0.062, 8171.700, 17.500, 2.410, 71.130],
    [15.400, 30.000, 1.100, 324.500, 785.000, 1.300, 3.950, 0.301, 0.230, 6000.000, 17.700, 4.314, 16.743],
    [22.400, 45.800, 5.900, 155.500, 1128.200, 3.500, 6.010, 0.120, 0.060, 8250.000, 25.600, 1.946, 84.394],
    [20.300, 39.800, 8.000, 182.800, 1028.900, 2.570, 5.430, 0.194, 0.095, 7394.500, 29.100, 2.632, 64.794],
    [15.900, 30.800, 7.400, 310.000, 810.000, 1.100, 2.300, 0.300, 0.210, 6150.000, 16.800, 4.627, 7.812],
    [22.100, 44.100, 8.000, 169.900, 1079.500, 2.930, 5.610, 0.144, 0.069, 7983.400, 19.300, 2.459, 69.742],
    [19.000, 45.000, 6.700, 258.400, 1003.600, 2.520, 4.520, 0.216, 0.152, 7105.500, 29.300, 2.997, 54.358],
    [18.400, 37.400, 1.500, 275.500, 896.700, 2.020, 3.530, 0.245, 0.184, 6948.800, 25.500, 3.397, 42.949],
    [22.300, 40.900, 8.000, 171.800, 1085.900, 3.280, 5.030, 0.132, 0.060, 8160.900, 21.400, 2.460, 69.726],
    [15.500, 39.000, 3.200, 310.100, 785.000, 1.080, 2.990, 0.289, 0.220, 6311.500, 17.400, 4.136, 21.819],
    [22.600, 48.000, 6.100, 140.000, 1094.800, 3.450, 5.220, 0.110, 0.060, 7951.300, 28.300, 1.854, 87.017],
    [20.400, 42.500, 2.800, 198.000, 995.000, 2.500, 4.500, 0.170, 0.110, 7480.000, 26.000, 2.528, 67.783],
    [18.900, 41.500, 2.800, 235.300, 945.100, 2.150, 4.080, 0.227, 0.151, 7225.100, 29.300, 2.897, 57.240],
    [16.500, 41.000, 1.300, 269.400, 847.700, 1.510, 2.490, 0.296, 0.208, 6424.000, 29.100, 3.503, 39.911],
    [19.600, 38.800, 6.200, 207.600, 986.800, 2.550, 4.670, 0.215, 0.148, 7336.600, 24.500, 3.074, 52.171],
    [20.900, 45.300, 8.000, 193.800, 1066.600, 2.920, 4.620, 0.146, 0.071, 7560.600, 22.100, 2.561, 66.835],
    [20.000, 36.700, 4.100, 203.600, 975.500, 2.680, 4.110, 0.186, 0.105, 7339.200, 16.800, 3.045, 53.012],
    [15.500, 32.300, 4.700, 325.000, 836.200, 1.000, 2.700, 0.303, 0.206, 6055.200, 22.500, 4.319, 16.602],
    [20.600, 39.800, 8.000, 178.300, 999.700, 2.670, 4.910, 0.191, 0.099, 7681.400, 26.600, 2.704, 62.739],
    [17.200, 34.100, 5.800, 270.000, 870.000, 1.500, 3.000, 0.260, 0.170, 6550.000, 19.100, 3.943, 27.347],
    [21.900, 45.200, 6.700, 168.500, 1062.500, 3.120, 4.740, 0.129, 0.060, 7939.000, 17.100, 2.427, 70.663],
    [21.100, 38.800, 5.900, 169.600, 1032.300, 2.770, 3.730, 0.147, 0.067, 7868.300, 27.000, 2.486, 68.963],
    [22.700, 38.800, 8.000, 140.000, 1104.800, 3.500, 4.930, 0.114, 0.060, 8250.000, 29.100, 2.194, 77.303],
    [19.700, 37.700, 8.000, 242.500, 974.100, 2.240, 3.700, 0.194, 0.120, 7546.800, 20.800, 3.337, 44.648],
    [21.900, 36.900, 8.000, 140.000, 1106.900, 3.200, 5.200, 0.128, 0.065, 7978.400, 22.700, 2.483, 69.054],
    [18.000, 35.000, 5.100, 232.100, 920.400, 1.730, 3.160, 0.254, 0.205, 6618.200, 28.100, 3.632, 36.229],
    [18.400, 37.400, 8.000, 277.600, 909.600, 2.230, 3.860, 0.231, 0.173, 6889.000, 26.200, 3.617, 36.659],
    [16.900, 31.700, 1.000, 258.500, 857.600, 1.850, 3.570, 0.253, 0.160, 6365.700, 28.700, 3.395, 42.998],
    [18.400, 42.100, 3.500, 230.000, 969.100, 2.060, 4.680, 0.234, 0.168, 6904.300, 16.300, 3.305, 45.564],
    [19.500, 36.000, 8.000, 231.100, 979.600, 2.680, 4.880, 0.209, 0.131, 7287.100, 21.200, 3.303, 45.626],
    [19.100, 35.700, 5.000, 242.600, 963.400, 2.300, 4.320, 0.220, 0.163, 7286.800, 21.900, 3.394, 43.016],
    [21.100, 38.700, 7.300, 191.600, 1089.400, 3.100, 5.590, 0.157, 0.092, 7810.700, 19.200, 2.772, 60.804],
    [21.500, 39.900, 8.000, 199.500, 1081.300, 3.310, 4.590, 0.144, 0.060, 7686.900, 25.700, 2.549, 67.176],
    [15.800, 40.600, 1.000, 319.900, 826.300, 1.170, 2.040, 0.288, 0.230, 6360.600, 21.800, 3.992, 25.935],
    [21.300, 44.300, 3.700, 189.700, 1043.600, 2.710, 3.700, 0.178, 0.089, 7818.600, 28.100, 2.368, 72.351],
    [18.500, 32.000, 2.100, 255.300, 916.000, 2.210, 4.900, 0.238, 0.152, 7007.300, 28.100, 3.196, 48.691],
    [15.200, 35.000, 1.800, 325.000, 785.000, 1.000, 3.340, 0.320, 0.230, 6150.300, 18.000, 4.273, 17.917],
    [18.300, 38.000, 4.800, 236.400, 969.400, 2.140, 3.250, 0.248, 0.179, 7085.900, 26.800, 3.386, 43.257],
    [22.100, 43.100, 8.000, 179.800, 1133.400, 3.360, 6.180, 0.124, 0.060, 7981.100, 27.400, 2.178, 77.762],
    [20.400, 42.500, 8.000, 186.500, 993.100, 2.720, 5.080, 0.181, 0.124, 7514.400, 20.500, 2.901, 57.110],
    [20.900, 37.000, 8.000, 184.100, 1090.600, 3.130, 5.840, 0.180, 0.092, 7686.900, 26.400, 2.659, 64.022],
    [21.000, 33.900, 6.000, 158.800, 1011.200, 2.940, 5.770, 0.144, 0.060, 7592.500, 18.100, 2.656, 64.126],
    [16.400, 35.400, 3.100, 314.900, 858.500, 1.450, 2.500, 0.287, 0.230, 6328.600, 17.900, 4.272, 17.953],
    [21.600, 36.000, 8.000, 154.600, 1069.200, 3.070, 5.220, 0.163, 0.092, 7856.800, 16.700, 2.869, 58.030],
    [16.900, 33.600, 6.100, 283.000, 848.000, 1.400, 2.900, 0.270, 0.180, 6390.000, 18.500, 4.107, 22.661],
    [19.400, 44.600, 6.300, 250.900, 1015.400, 2.250, 3.200, 0.189, 0.148, 7075.300, 25.200, 3.152, 49.940],
    [20.100, 42.500, 6.700, 210.000, 991.700, 2.760, 5.640, 0.176, 0.106, 7236.700, 17.500, 2.883, 57.633],
    [16.400, 40.100, 3.100, 298.500, 809.400, 1.620, 2.940, 0.276, 0.219, 6589.700, 21.600, 3.871, 29.395],
    [18.300, 32.100, 8.000, 240.300, 956.200, 2.060, 3.550, 0.240, 0.186, 6733.900, 26.300, 3.774, 32.174],
    [22.000, 44.400, 6.400, 175.300, 1088.800, 3.100, 5.680, 0.149, 0.060, 8134.000, 22.900, 2.232, 76.226],
    [15.600, 32.100, 1.000, 282.500, 837.200, 1.100, 2.160, 0.312, 0.230, 6319.700, 25.900, 4.050, 24.286],
    [17.200, 33.100, 1.000, 244.700, 901.300, 1.770, 3.940, 0.282, 0.223, 6554.700, 17.100, 3.856, 29.821],
    [17.600, 39.100, 2.800, 271.100, 916.600, 1.840, 3.580, 0.243, 0.157, 6621.800, 25.300, 3.340, 44.566],
    [16.400, 37.800, 4.600, 275.700, 877.900, 1.340, 2.720, 0.263, 0.171, 6510.800, 24.500, 3.708, 34.064],
    [16.000, 32.700, 1.000, 291.300, 831.500, 1.390, 2.990, 0.313, 0.215, 6182.000, 22.700, 3.998, 25.761],
    [17.000, 31.500, 1.000, 256.700, 858.400, 1.560, 4.430, 0.256, 0.203, 6375.800, 26.300, 3.588, 37.473],
    [15.900, 30.000, 1.000, 293.000, 826.200, 1.440, 2.790, 0.293, 0.208, 6144.600, 17.000, 4.201, 19.973],
    [19.000, 31.200, 8.000, 223.900, 999.100, 2.140, 4.340, 0.204, 0.145, 7264.200, 25.800, 3.447, 41.508],
    [20.400, 45.300, 5.300, 200.400, 988.400, 2.770, 4.310, 0.200, 0.117, 7398.200, 26.300, 2.626, 64.971],
    [16.800, 36.200, 1.500, 304.500, 906.800, 1.620, 3.770, 0.287, 0.230, 6489.300, 19.700, 3.962, 26.802],
    [20.400, 45.200, 8.000, 223.400, 1023.600, 2.780, 4.720, 0.163, 0.097, 7325.900, 27.700, 2.653, 64.207],
    [21.300, 41.800, 8.000, 150.800, 1052.300, 3.070, 5.820, 0.162, 0.117, 7729.800, 17.500, 2.739, 61.748],
    [16.800, 34.300, 1.100, 313.100, 859.600, 1.630, 3.260, 0.258, 0.162, 6725.800, 29.200, 3.492, 40.232],
    [18.600, 31.900, 7.400, 258.100, 952.800, 2.370, 4.660, 0.228, 0.167, 7132.500, 26.800, 3.555, 38.435],
    [22.900, 38.300, 7.500, 158.000, 1119.500, 3.500, 5.110, 0.118, 0.060, 8236.200, 17.200, 2.530, 67.700],
    [20.800, 43.600, 2.400, 180.000, 1035.000, 2.700, 4.900, 0.160, 0.100, 7650.000, 26.800, 2.289, 74.605],
    [22.700, 42.200, 8.000, 141.100, 1103.800, 3.440, 4.850, 0.135, 0.060, 8202.800, 20.800, 2.345, 72.996],
    [17.300, 39.300, 6.700, 263.200, 897.700, 1.860, 4.440, 0.249, 0.189, 6475.500, 25.800, 3.579, 37.740],
    [19.200, 40.100, 3.400, 218.000, 970.000, 2.200, 4.000, 0.190, 0.120, 7320.000, 24.300, 2.880, 57.726],
    [17.300, 34.800, 5.700, 268.000, 872.000, 1.600, 3.200, 0.250, 0.160, 6600.000, 19.400, 3.826, 30.678],
    [15.600, 32.700, 3.800, 292.900, 785.000, 1.240, 3.760, 0.307, 0.230, 6293.200, 24.600, 4.099, 22.875],
    [15.400, 30.000, 1.000, 290.700, 811.300, 1.020, 2.680, 0.301, 0.230, 6200.100, 20.000, 4.256, 18.392],
    [19.800, 42.000, 7.300, 207.600, 980.000, 2.340, 3.530, 0.206, 0.125, 7368.800, 22.400, 3.085, 51.849],
    [22.400, 42.900, 8.000, 159.100, 1088.800, 3.500, 4.820, 0.150, 0.069, 8229.900, 21.000, 2.421, 70.816],
    [18.600, 35.200, 1.000, 270.800, 988.400, 2.330, 4.930, 0.236, 0.164, 7053.600, 22.500, 3.268, 46.620],
    [23.000, 35.600, 5.800, 173.000, 1145.000, 3.500, 5.940, 0.110, 0.060, 8250.000, 29.100, 2.184, 77.593],
    [20.300, 40.300, 8.000, 194.500, 1004.700, 2.550, 5.490, 0.177, 0.083, 7543.100, 26.700, 2.635, 64.724],
    [18.400, 35.300, 8.000, 219.500, 953.400, 2.050, 3.350, 0.235, 0.180, 6987.300, 20.800, 3.730, 33.426],
    [16.700, 42.000, 1.000, 261.100, 854.900, 1.680, 4.560, 0.274, 0.197, 6344.900, 29.400, 3.194, 48.750],
    [16.200, 32.000, 3.300, 291.800, 853.400, 1.200, 2.080, 0.284, 0.202, 6214.900, 24.700, 4.084, 23.324],
    [22.700, 44.100, 5.200, 140.000, 1140.400, 3.480, 4.980, 0.132, 0.060, 8250.000, 26.000, 1.993, 83.066],
    [20.700, 41.100, 8.000, 185.500, 1072.900, 2.810, 5.240, 0.172, 0.077, 7585.500, 26.500, 2.553, 67.056],
    [17.700, 39.400, 5.300, 291.900, 879.300, 1.850, 4.160, 0.254, 0.196, 6868.100, 18.000, 3.808, 31.206],
    [18.100, 30.400, 3.900, 223.800, 940.400, 2.030, 4.840, 0.248, 0.202, 7117.100, 29.000, 3.450, 41.437],
    [15.900, 32.900, 3.600, 292.000, 804.200, 1.100, 2.000, 0.316, 0.230, 6206.900, 25.200, 4.221, 19.398],
    [20.600, 39.000, 5.300, 215.700, 1010.600, 2.560, 5.070, 0.177, 0.095, 7710.300, 26.800, 2.658, 64.049],
    [21.300, 35.000, 8.000, 171.900, 1055.800, 2.990, 6.060, 0.151, 0.111, 7820.100, 18.100, 2.928, 56.356],
    [20.400, 37.800, 3.200, 209.700, 992.100, 2.590, 4.780, 0.179, 0.100, 7455.700, 21.800, 2.767, 60.946],
    [18.400, 36.800, 3.600, 246.900, 888.100, 1.930, 4.830, 0.210, 0.127, 6845.600, 25.200, 3.095, 51.564],
    [18.500, 34.700, 1.000, 256.100, 910.100, 1.920, 4.550, 0.204, 0.115, 6742.000, 21.900, 3.113, 51.070],
    [16.600, 41.100, 1.000, 312.500, 877.700, 1.540, 3.780, 0.294, 0.219, 6503.000, 18.100, 3.826, 30.686],
    [22.300, 37.900, 4.300, 156.800, 1072.700, 3.170, 5.280, 0.141, 0.065, 8049.400, 22.800, 2.308, 74.051],
    [16.200, 32.800, 2.700, 272.600, 816.600, 1.410, 3.830, 0.308, 0.212, 6394.500, 21.700, 3.950, 27.142],
    [18.200, 43.100, 5.500, 259.800, 921.300, 2.260, 3.940, 0.216, 0.151, 6852.600, 28.000, 3.123, 50.760],
    [22.800, 45.400, 8.000, 143.200, 1145.000, 3.340, 5.550, 0.122, 0.072, 8219.800, 26.400, 2.101, 79.982],
    [19.800, 44.100, 5.800, 245.900, 1031.300, 2.730, 4.940, 0.184, 0.134, 7438.200, 16.600, 3.084, 51.872],
    [21.700, 45.200, 1.700, 165.000, 1080.000, 3.000, 5.500, 0.140, 0.090, 7900.000, 27.900, 1.975, 83.561],
    [20.300, 42.100, 2.800, 190.000, 1020.000, 2.500, 4.800, 0.170, 0.100, 7500.000, 26.100, 2.450, 70.010],
    [22.600, 45.100, 7.300, 156.200, 1145.000, 3.090, 4.130, 0.110, 0.060, 8203.500, 16.400, 2.444, 70.176],
    [17.300, 40.000, 1.800, 259.700, 861.700, 1.880, 4.110, 0.256, 0.196, 6656.800, 25.300, 3.362, 43.956],
    [17.200, 40.800, 3.200, 248.700, 848.700, 1.620, 4.150, 0.271, 0.184, 6625.700, 21.900, 3.447, 41.501],
    [19.600, 36.600, 8.000, 252.400, 965.500, 2.670, 3.610, 0.214, 0.122, 7166.200, 29.200, 3.213, 48.203],
    [17.800, 33.500, 1.800, 225.400, 873.100, 1.750, 4.780, 0.238, 0.166, 6921.100, 21.600, 3.339, 44.604],
    [15.100, 31.000, 1.000, 325.000, 790.800, 1.250, 2.520, 0.317, 0.230, 6047.600, 28.300, 4.136, 21.827],
    [17.500, 43.300, 4.300, 263.100, 939.600, 1.960, 4.820, 0.253, 0.200, 6485.900, 17.100, 3.575, 37.844],
    [23.000, 48.000, 7.800, 158.300, 1145.000, 3.500, 4.420, 0.110, 0.060, 8250.000, 21.000, 2.209, 76.883],
    [21.200, 37.000, 4.600, 177.000, 1077.400, 2.780, 4.950, 0.155, 0.080, 7611.000, 25.900, 2.506, 68.395],
    [16.900, 42.100, 1.700, 287.500, 871.500, 1.490, 2.680, 0.259, 0.208, 6646.200, 20.700, 3.692, 34.523],
    [17.700, 40.900, 3.100, 263.300, 890.000, 2.020, 3.690, 0.233, 0.156, 6604.900, 20.700, 3.366, 43.835],
    [21.100, 38.400, 4.700, 208.100, 1029.400, 2.610, 3.660, 0.165, 0.100, 7738.500, 23.300, 2.821, 59.407],
    [17.700, 30.000, 6.700, 257.400, 905.900, 1.810, 3.780, 0.253, 0.212, 6745.000, 29.000, 3.876, 29.262],
    [15.500, 35.800, 5.400, 325.000, 811.000, 1.180, 2.910, 0.317, 0.230, 6191.500, 22.200, 4.331, 16.269],
    [19.600, 39.800, 3.700, 220.000, 960.000, 2.000, 3.900, 0.200, 0.130, 7300.000, 23.500, 2.996, 54.412],
    [20.800, 43.700, 5.600, 171.500, 1049.600, 3.010, 5.870, 0.149, 0.099, 7483.900, 25.800, 2.350, 72.851],
    [17.500, 35.000, 5.500, 265.000, 875.000, 1.600, 3.100, 0.240, 0.160, 6650.000, 19.600, 3.789, 31.749],
    [18.500, 44.200, 8.000, 245.200, 916.800, 2.280, 3.330, 0.224, 0.140, 7066.200, 21.700, 3.324, 45.035],
    [19.800, 43.300, 2.700, 197.700, 978.000, 2.540, 4.240, 0.208, 0.114, 7291.400, 19.200, 2.765, 60.988],
    [22.500, 44.800, 8.000, 186.000, 1145.000, 3.050, 5.510, 0.147, 0.090, 8044.800, 21.200, 2.512, 68.239],
    [19.600, 35.900, 4.700, 236.400, 974.100, 2.380, 5.300, 0.188, 0.148, 7177.000, 21.300, 3.201, 48.539],
    [21.900, 37.900, 4.300, 170.300, 1090.400, 3.190, 5.130, 0.149, 0.092, 7881.800, 28.100, 2.357, 72.649],
    [19.900, 37.100, 7.900, 188.000, 993.900, 2.500, 4.790, 0.198, 0.154, 7336.200, 18.500, 3.308, 45.485],
    [17.300, 30.800, 1.600, 273.400, 899.100, 1.720, 4.460, 0.264, 0.176, 6725.800, 25.200, 3.564, 38.164],
    [18.700, 41.000, 6.200, 255.300, 990.600, 2.380, 3.420, 0.220, 0.151, 6892.500, 27.400, 3.246, 47.258],
    [20.800, 39.600, 3.800, 214.900, 1039.700, 2.720, 4.820, 0.184, 0.131, 7680.400, 24.500, 2.784, 60.449],
    [17.500, 39.400, 7.000, 273.700, 882.900, 1.910, 2.720, 0.237, 0.141, 6549.600, 27.700, 3.485, 40.426],
    [17.400, 33.400, 7.100, 276.100, 893.200, 1.570, 2.980, 0.273, 0.219, 6533.000, 22.600, 4.162, 21.088],
    [16.100, 41.300, 3.500, 292.100, 807.400, 1.230, 2.940, 0.279, 0.212, 6475.900, 27.400, 3.703, 34.208],
    [15.700, 31.300, 7.300, 307.000, 808.000, 1.200, 2.300, 0.300, 0.210, 6140.000, 16.700, 4.598, 8.618],
    [21.900, 40.500, 4.900, 173.400, 1126.100, 3.090, 5.210, 0.115, 0.060, 7701.200, 26.100, 2.227, 76.377],
    [21.800, 41.100, 8.000, 187.600, 1098.900, 2.970, 3.980, 0.158, 0.078, 8044.200, 27.900, 2.547, 67.228],
    [16.600, 35.900, 6.500, 270.500, 869.000, 1.230, 4.040, 0.296, 0.230, 6495.500, 22.500, 4.068, 23.759],
    [20.900, 44.400, 8.000, 208.500, 1053.700, 2.980, 4.730, 0.160, 0.065, 7559.800, 27.400, 2.466, 69.555],
    [19.900, 37.800, 4.000, 237.700, 1039.500, 2.510, 3.560, 0.211, 0.121, 7228.000, 28.400, 2.955, 55.562],
    [21.400, 44.600, 1.900, 174.000, 1065.000, 2.900, 5.200, 0.150, 0.090, 7840.000, 27.400, 2.090, 80.287],
    [22.900, 38.800, 8.000, 149.800, 1104.600, 3.460, 4.930, 0.115, 0.060, 8250.000, 26.500, 2.290, 74.579],
    [18.200, 32.400, 2.300, 242.600, 942.700, 1.910, 2.890, 0.256, 0.207, 7095.400, 29.200, 3.547, 38.663],
    [17.400, 39.300, 6.900, 274.400, 880.700, 1.800, 2.700, 0.272, 0.174, 6862.600, 26.100, 3.678, 34.909],
    [19.300, 33.500, 3.700, 243.200, 963.800, 2.490, 5.280, 0.198, 0.099, 7065.700, 18.700, 3.122, 50.796],
    [15.500, 37.200, 1.000, 297.800, 785.000, 1.000, 2.470, 0.291, 0.209, 6000.000, 22.900, 3.928, 27.772],
    [17.900, 38.200, 3.300, 237.600, 913.200, 1.930, 3.980, 0.232, 0.147, 6625.700, 20.800, 3.320, 45.150],
    [15.100, 39.800, 4.400, 311.800, 825.500, 1.210, 3.270, 0.320, 0.230, 6000.000, 20.400, 4.167, 20.931],
    [23.000, 40.400, 6.500, 140.000, 1115.000, 3.500, 4.690, 0.110, 0.060, 8250.000, 16.200, 2.417, 70.935],
    [15.200, 30.000, 4.000, 325.000, 787.100, 1.000, 2.470, 0.309, 0.230, 6184.100, 22.600, 4.465, 12.419],
    [21.700, 44.700, 6.800, 194.500, 1134.400, 3.170, 6.300, 0.123, 0.060, 7682.400, 19.000, 2.365, 72.442],
    [16.500, 36.600, 1.000, 276.200, 848.500, 1.200, 2.200, 0.266, 0.188, 6308.100, 28.800, 3.589, 37.444],
    [22.300, 45.800, 4.700, 169.700, 1122.600, 3.250, 6.100, 0.143, 0.100, 7863.700, 21.100, 2.269, 75.162],
    [21.900, 39.900, 5.900, 180.700, 1063.700, 3.320, 5.230, 0.152, 0.093, 8098.800, 21.300, 2.558, 66.925],
    [18.900, 42.200, 1.300, 206.100, 999.100, 2.050, 4.640, 0.209, 0.161, 7072.800, 24.700, 2.839, 58.884],
    [17.700, 35.900, 4.400, 250.700, 898.100, 1.590, 2.920, 0.274, 0.196, 6744.100, 16.300, 3.933, 27.629],
    [22.500, 47.200, 1.200, 148.000, 1130.000, 3.400, 6.100, 0.120, 0.070, 8150.000, 28.800, 1.613, 93.905],
    [21.500, 35.000, 8.000, 197.000, 1028.700, 2.980, 4.060, 0.161, 0.082, 7744.300, 20.300, 2.989, 54.592],
    [22.100, 36.100, 8.000, 145.900, 1114.800, 3.090, 5.300, 0.138, 0.067, 8151.400, 23.700, 2.497, 68.663],
    [20.500, 34.000, 8.000, 186.400, 1012.500, 2.720, 4.700, 0.170, 0.109, 7678.300, 26.700, 2.932, 56.223],
    [16.300, 32.900, 1.000, 296.100, 819.900, 1.560, 4.300, 0.301, 0.230, 6346.100, 29.300, 3.755, 32.714],
    [18.000, 36.400, 4.800, 250.000, 908.000, 1.700, 3.300, 0.230, 0.150, 6980.000, 20.800, 3.533, 39.063],
    [21.500, 36.200, 8.000, 164.800, 1115.800, 3.170, 5.510, 0.158, 0.084, 8007.000, 22.700, 2.660, 64.002],
    [15.600, 33.100, 1.800, 317.100, 795.300, 1.270, 3.960, 0.315, 0.230, 6161.000, 17.400, 4.242, 18.790],
    [22.700, 43.600, 8.000, 174.700, 1116.100, 3.280, 4.280, 0.118, 0.060, 8250.000, 16.300, 2.554, 67.028],
    [18.800, 31.800, 4.200, 210.500, 966.500, 2.190, 3.750, 0.201, 0.149, 6854.700, 28.300, 3.229, 47.754],
    [21.000, 43.700, 8.000, 174.300, 1026.400, 2.670, 4.210, 0.141, 0.076, 7820.600, 25.400, 2.510, 68.275],
    [16.100, 35.600, 2.800, 290.400, 866.500, 1.150, 3.410, 0.310, 0.230, 6484.100, 16.700, 4.175, 20.716],
    [15.400, 34.300, 1.900, 305.800, 794.600, 1.140, 2.300, 0.312, 0.224, 6216.600, 18.100, 4.272, 17.934],
    [21.300, 46.600, 8.000, 192.500, 1095.500, 2.940, 5.990, 0.168, 0.120, 7800.200, 22.300, 2.600, 65.701],
    [20.000, 34.800, 6.800, 181.700, 1008.000, 2.580, 3.880, 0.207, 0.112, 7495.100, 23.200, 3.066, 52.400],
    [22.600, 47.100, 8.000, 166.100, 1125.100, 3.370, 4.620, 0.124, 0.073, 8070.100, 27.500, 2.179, 77.752],
    [20.500, 41.600, 8.000, 165.600, 1078.800, 2.530, 5.520, 0.159, 0.077, 7712.300, 22.500, 2.566, 66.676],
    [21.300, 35.400, 8.000, 164.200, 1088.000, 2.780, 4.830, 0.165, 0.072, 7708.700, 27.100, 2.631, 64.835],
    [19.700, 44.300, 8.000, 203.200, 1032.500, 2.620, 4.420, 0.201, 0.144, 7197.100, 22.300, 3.044, 53.038],
    [22.300, 43.100, 8.000, 169.300, 1094.400, 3.360, 5.600, 0.114, 0.064, 8164.900, 29.200, 2.137, 78.934],
    [18.800, 38.400, 4.000, 236.000, 928.000, 1.900, 3.600, 0.210, 0.140, 7080.000, 22.400, 3.236, 47.534],
    [20.000, 40.000, 3.300, 233.700, 971.000, 2.630, 3.540, 0.191, 0.134, 7329.000, 20.800, 3.062, 52.507],
    [17.200, 41.400, 6.000, 298.900, 836.500, 1.650, 3.690, 0.238, 0.144, 6671.500, 22.900, 3.524, 39.302],
    [16.400, 37.800, 1.000, 296.000, 853.700, 1.350, 3.840, 0.271, 0.212, 6363.900, 22.900, 3.726, 33.544],
    [19.300, 32.400, 4.800, 250.000, 970.200, 2.260, 3.380, 0.193, 0.127, 7247.600, 17.100, 3.531, 39.118],
    [15.500, 32.200, 5.000, 325.000, 832.900, 1.300, 4.160, 0.290, 0.227, 6000.000, 18.800, 4.378, 14.910],
    [22.100, 42.300, 5.300, 145.200, 1068.400, 3.450, 4.730, 0.121, 0.060, 7782.100, 24.500, 2.163, 78.197],
    [17.400, 30.900, 1.100, 278.100, 856.900, 1.690, 4.590, 0.257, 0.191, 6658.100, 18.800, 3.767, 32.370],
    [19.400, 38.900, 3.600, 225.000, 950.000, 2.100, 4.000, 0.190, 0.120, 7250.000, 23.900, 2.964, 55.321],
    [16.300, 33.200, 3.200, 307.400, 860.500, 1.240, 4.160, 0.281, 0.198, 6599.100, 18.200, 4.041, 24.535],
    [16.800, 39.200, 6.600, 281.100, 873.600, 1.650, 4.450, 0.288, 0.230, 6395.600, 26.500, 3.840, 30.289],
    [20.100, 36.400, 8.000, 210.800, 1000.200, 2.750, 3.850, 0.201, 0.134, 7659.300, 21.400, 3.270, 46.569],
    [19.400, 36.600, 4.100, 201.700, 988.700, 2.250, 3.660, 0.193, 0.142, 7367.800, 19.900, 3.193, 48.763],
    [22.900, 47.200, 8.000, 140.000, 1121.900, 3.460, 4.830, 0.136, 0.071, 8139.900, 28.600, 2.042, 81.668],
    [18.500, 42.000, 3.900, 246.400, 898.500, 2.110, 4.670, 0.212, 0.124, 6965.800, 22.700, 3.000, 54.285],
    [15.800, 31.000, 7.300, 308.000, 805.000, 1.100, 2.200, 0.300, 0.210, 6120.000, 16.900, 4.619, 8.019],
    [19.900, 35.200, 8.000, 233.900, 967.200, 2.680, 4.640, 0.209, 0.121, 7577.300, 20.700, 3.295, 45.849],
    [22.700, 38.800, 6.500, 154.400, 1122.100, 3.290, 4.360, 0.122, 0.060, 8223.200, 23.200, 2.381, 71.971],
    [20.600, 45.400, 8.000, 171.900, 1074.400, 2.530, 4.100, 0.187, 0.147, 7763.800, 17.500, 3.019, 53.736],
    [16.100, 35.400, 2.300, 286.400, 818.500, 1.270, 2.760, 0.279, 0.204, 6324.800, 28.600, 3.758, 32.642],
    [18.700, 44.500, 5.300, 208.900, 906.600, 2.360, 4.990, 0.236, 0.193, 7274.800, 19.300, 3.213, 48.199],
    [18.800, 35.300, 2.100, 223.000, 966.300, 2.210, 4.560, 0.232, 0.186, 7240.000, 22.800, 3.283, 46.189],
    [22.000, 41.300, 7.300, 157.100, 1064.400, 3.120, 5.690, 0.116, 0.060, 7928.000, 23.300, 2.292, 74.519],
    [19.100, 40.000, 8.000, 215.500, 958.400, 2.270, 3.170, 0.198, 0.141, 7341.700, 20.500, 3.357, 44.092],
    [19.300, 39.800, 5.000, 251.000, 949.400, 2.630, 4.800, 0.226, 0.156, 7289.800, 20.000, 3.260, 46.858],
    [17.300, 43.000, 3.300, 249.500, 923.300, 1.640, 3.360, 0.251, 0.202, 6620.200, 23.400, 3.468, 40.918],
    [17.500, 35.500, 4.100, 258.500, 892.100, 1.940, 4.000, 0.279, 0.187, 6737.700, 18.700, 3.752, 32.795],
    [22.400, 47.000, 1.300, 150.000, 1120.000, 3.300, 6.000, 0.120, 0.070, 8100.000, 28.600, 1.655, 92.702],
    [21.500, 47.300, 8.000, 180.300, 1068.000, 3.220, 5.870, 0.163, 0.095, 7794.100, 19.700, 2.492, 68.787],
    [16.700, 38.200, 1.800, 273.400, 832.400, 1.590, 4.010, 0.268, 0.189, 6436.200, 25.600, 3.482, 40.513],
    [15.700, 35.900, 1.900, 317.400, 785.000, 1.250, 3.290, 0.304, 0.228, 6267.500, 26.900, 3.946, 27.249],
    [20.400, 37.600, 5.000, 172.000, 1046.000, 2.830, 5.710, 0.175, 0.121, 7525.600, 16.600, 2.879, 57.739],
    [21.600, 40.300, 4.200, 203.900, 1118.400, 3.220, 5.550, 0.170, 0.119, 7823.300, 17.900, 2.746, 61.549],
    [18.400, 36.700, 7.100, 264.100, 953.500, 1.950, 2.930, 0.238, 0.159, 6865.600, 28.800, 3.529, 39.184],
    [21.400, 37.300, 8.000, 192.000, 1097.500, 3.200, 4.910, 0.147, 0.060, 7736.300, 28.600, 2.511, 68.245],
    [21.600, 44.600, 8.000, 183.400, 1099.500, 2.880, 5.920, 0.125, 0.081, 7883.000, 20.200, 2.489, 68.887],
    [15.500, 41.100, 1.000, 325.000, 847.100, 1.030, 2.700, 0.317, 0.230, 6002.200, 27.000, 3.873, 29.340]
]
